weather_ERA5/wc2.1_2.5m_2000_1_extended.grd
DSAA
532 92
18.854166666667 40.979166666667
68.229166666667 72.020833333333
-2.5665242671967 6.0755014419556
[rows 24 to 47 of 92, columns 216 to 269 of 532]
0.4023911356926 0.40900185704231 0.42777901887894 0.45572313666344 0.44416683912277 0.41261100769043 0.39472165703773 0.46699890494347 0.43427628278732 0.52355355024338 0.56934773921967 0.60182571411133 0.64730370044708 0.59361487627029 0.43492606282234 0.46007066965103 0.52588182687759 0.46019315719604 0.50083774328232 0.53681546449661 0.45996007323265 0.46010461449623 0.46776250004768 0.45843303203583 0.55143719911575 0.6619411110878 0.76211190223694 0.80794930458069 0.87728667259216 0.98479068279266 1.0349614620209 1.0774655342102 1.167969584465 1.1924736499786 1.0993881225586 1.2015470266342 1.003205537796 0.90203070640564 0.82818919420242 0.81151449680328 0.9628399014473 1.1371649503708 1.1464900970459 1.0343154668808 0.92380732297897 0.62813264131546 0.50482803583145 0.55489373207092 0.6792927980423 0.63735842704773 0.67942416667938 0.77182292938232 0.70788878202438 0.61362111568451
0.27693173289299 0.34102067351341 0.39094287157059 0.45453184843063 0.49678757786751 0.44037646055222 0.35579887032509 0.38538753986359 0.39030995965004 0.44506564736366 0.47506627440453 0.54697877168655 0.49972456693649 0.5264704823494 0.46888294816017 0.45229539275169 0.47937470674515 0.48145395517349 0.50386625528336 0.54944562911987 0.54635792970657 0.58593720197678 0.57675409317017 0.56914269924164 0.61103099584579 0.65708595514297 0.63847410678864 0.70702916383743 0.74941754341125 0.81913912296295 0.9015274643898 0.97474902868271 0.98797082901001 1.1390258073807 1.2722177505493 1.1230467557907 1.007875919342 1.1252051591873 1.1675342321396 0.93569666147232 0.90885901451111 1.2176879644394 1.1743505001068 0.93101292848587 0.74984210729599 0.61650454998016 0.8016911149025 0.94473505020142 1.0059455633163 0.95432311296463 0.86753356456757 0.80791079998016 0.75112152099609 0.70166552066803
0.16647364199162 0.17863395810127 0.23829425871372 0.31828790903091 0.36461493372917 0.37177520990372 0.38410216569901 0.42876243591309 0.44142287969589 0.41524967551231 0.43166634440422 0.46767246723175 0.44201192259789 0.49118459224701 0.50419056415558 0.47286319732666 0.50120258331299 0.53937542438507 0.57438158988953 0.57822090387344 0.5997269153595 0.62073308229446 0.64097833633423 0.66079610586166 0.70244705677032 0.73326486349106 0.73191583156586 0.73006677627563 0.68421792984009 0.64503556489944 0.76585322618484 0.91383767127991 1.008155465126 1.1408064365387 1.2774589061737 1.2656129598618 1.1567667722702 1.1692540645599 1.3100746870041 1.3380618095398 1.3328825235367 1.3607032299042 1.2146904468536 1.0851776599884 1.0778315067291 1.1381522417068 1.1595729589462 1.0065937042236 0.89361464977264 0.97880214452744 1.0604895353317 1.1158437728882 1.0456978082657 0.98471873998642
0.05518214404583 0.085247129201889 0.1164788454771 0.18337726593018 0.22677567601204 0.26084059476852 0.29457241296768 0.34747067093849 0.40253573656082 0.44793409109116 0.46726632118225 0.42003268003464 0.31396567821503 0.40806528925896 0.43633133172989 0.48626455664635 0.50619733333588 0.51129710674286 0.56606328487396 0.62916278839111 0.65842926502228 0.70019555091858 0.72286903858185 0.73078262805939 0.74952977895737 0.76577693223953 0.81835722923279 0.84343767166138 0.85251820087433 0.74593198299408 0.80151236057281 0.80042612552643 0.88233995437622 0.94108700752258 0.96853339672089 1.0063455104828 1.0773242712021 1.211136341095 1.3566151857376 1.2814272642136 1.2670726776123 1.2338849306107 1.2871969938278 1.2818427085876 1.2678213119507 1.2734665870667 1.2717882394791 1.3047859668732 1.2169502973557 1.112447977066 1.0962790250778 1.1452765464783 1.240274310112 1.2421053647995
0.014557361602783 -0.0016396194696426 0.045330118387938 0.038633167743683 0.038769673556089 0.12023942172527 0.17537581920624 0.21651223301888 0.29864847660065 0.35928496718407 0.38786637783051 0.46489298343658 0.50675284862518 0.44844594597816 0.44697239995003 0.42266568541527 0.40969222784042 0.48688530921936 0.58041197061539 0.66510486602783 0.71213150024414 0.78765803575516 0.84059292078018 0.80626928806305 0.84477907419205 0.86862236261368 0.81546550989151 0.75530862808228 0.91631859540939 1.0529952049255 1.0488383769989 0.96968150138855 0.87752461433411 0.8720343708992 0.96410781145096 0.92007803916931 0.92521512508392 1.0105185508728 1.1466557979584 1.1706260442734 1.1420962810516 1.1373999118805 1.1803702116013 1.2293405532837 1.3151441812515 1.3607810735703 1.3341703414917 1.358811378479 1.4206192493439 1.4355937242508 1.3790682554245 1.3082096576691 1.2375173568726 1.3613252639771
-0.045733883976936 -0.064692981541157 -0.022485202178359 -0.050277382135391 -0.068236202001572 0.017638141289353 0.096179157495499 0.16272041201591 0.1780947893858 0.24396914243698 0.31213292479515 0.38725298643112 0.42987310886383 0.48032659292221 0.5014466047287 0.49206674098969 0.43468689918518 0.44230699539185 0.53226035833359 0.63321375846863 0.69966703653336 0.79595386981964 0.87548363208771 0.86758947372437 0.8870285153389 0.98330116271973 0.97490710020065 0.99434632062912 0.89161890745163 0.94555819034576 0.99783074855804 1.0262699127197 1.0625425577164 1.0221483707428 0.978515625 0.95664405822754 0.99593913555145 1.026567697525 1.0858628749847 1.0923246145248 1.1242864131927 1.1840815544128 1.2203768491745 1.216338634491 1.3073004484177 1.3404289484024 1.2692188024521 1.3151700496674 1.3559548854828 1.3699063062668 1.3746908903122 1.3844758272171 1.4087605476379 1.4043785333633
-0.063692167401314 0.014753649942577 0.011199285276234 -0.051188141107559 -0.029742261394858 0.050370268523693 0.072982788085938 0.10726179927588 0.14920768141747 0.18065342307091 0.23256646096706 0.29728007316589 0.35982686281204 0.3782072365284 0.39358761906624 0.50946789979935 0.53651487827301 0.49339529871941 0.56077539920807 0.60482239723206 0.70770275592804 0.84724968671799 0.89620757102966 1.0249093770981 1.109778046608 1.1429800987244 1.0998486280441 1.0745506286621 1.1439191102982 1.076287984848 1.059156537056 1.0888586044312 1.0773937702179 1.0760958194733 1.0437567234039 0.93871009349823 0.92716330289841 1.0094501972198 1.0815699100494 1.0761901140213 1.0901432037354 1.201763510704 1.2538832426071 1.1791700124741 1.0604566335678 1.1727433204651 1.2281006574631 1.1541955471039 1.1269571781158 1.2058854103088 1.2839803695679 1.3410751819611 1.2635035514832 1.2515983581543
-0.20315037667751 -0.097466625273228 -0.018116006627679 -0.016765451058745 0.01825176179409 0.056102279573679 0.1164528504014 0.14813679456711 0.15915378928185 0.23317095637321 0.25883308053017 0.3054735660553 0.31894764304161 0.33058792352676 0.36872851848602 0.43103578686714 0.50267624855042 0.53248345851898 0.6027906537056 0.63276445865631 0.57540494203568 0.77287876605988 0.90759813785553 0.95756286382675 1.0885274410248 1.2101589441299 1.2031236886978 1.1479215621948 1.2330528497696 1.2961841821671 1.321982383728 1.2347801923752 1.2599116563797 1.2265429496765 1.1936645507812 1.1371093988419 1.0238875150681 0.9461658000946 0.93811041116714 0.95288866758347 1.0538336038589 1.1824449300766 1.2312232255936 1.2036681175232 1.1109462976456 1.0807243585587 1.0969825983047 1.1295543909073 1.1344594955444 1.143697977066 1.2254363298416 1.2908413410187 1.1162465810776 1.123818397522
-0.29977503418922 -0.24851989746094 -0.1674315482378 -0.11417626589537 -0.054754491895437 -0.0061657875776291 0.033756162971258 0.084844626486301 0.14309999346733 0.20118844509125 0.26826649904251 0.30100044608116 0.36073473095894 0.38713532686234 0.37986946105957 0.40260338783264 0.44133767485619 0.52457177639008 0.58130580186844 0.69703978300095 0.8624404668808 1.0008412599564 1.0903218984604 1.1365494728088 1.2332768440247 1.2716710567474 1.2550650835037 1.2279591560364 1.252353310585 1.2885806560516 1.3343081474304 1.3688688278198 1.3779298067093 1.3689905405045 1.3529057502747 1.2683418989182 1.22394490242 1.1345480680466 1.0303176641464 0.93492072820663 0.84785705804825 0.9152934551239 1.149729847908 1.2596660852432 1.1291023492813 1.0563721656799 1.0648647546768 1.0632466077805 1.124794960022 1.2066770792007 1.3030589818954 1.2459409236908 1.1836562156677 1.2527049779892
-0.27906656265259 -0.29257336258888 -0.25974673032761 -0.17825359106064 -0.083926968276501 -0.040600400418043 -0.006106982473284 0.03771947324276 0.081712670624256 0.14337269961834 0.20219995081425 0.29219436645508 0.33385509252548 0.36701595783234 0.43367704749107 0.40800458192825 0.46283233165741 0.56365978717804 0.65665423870087 0.76748198270798 0.85664284229279 0.97213697433472 1.1132127046585 1.227369427681 1.2973597049713 1.2975164651871 1.3153400421143 1.2936636209488 1.3253203630447 1.3108104467392 1.3113006353378 1.3576241731644 1.4084476232529 1.4911043643951 1.5578134059906 1.5442414283752 1.4735025167465 1.3560971021652 1.1795248985291 1.2114527225494 1.1902137994766 1.1073083877563 1.0272364616394 1.0733307600021 1.0945920944214 1.1915198564529 1.1867464780807 1.0472719669342 1.0951308012009 1.1044896841049 1.4793483018875 1.2330405712128 1.1465659141541 1.2195916175842
-0.28202468156815 -0.28262674808502 -0.27606207132339 -0.24299737811089 -0.19459953904152 -0.092368394136429 -0.01297030877322 0.035094227641821 0.06682562828064 0.10489025712013 0.13396659493446 0.18122115731239 0.22647552192211 0.18623022735119 0.29398465156555 0.36073935031891 0.38182696700096 0.50241494178772 0.64516931772232 0.7890904545784 0.92117846012115 1.0489330291748 1.1581033468246 1.2406895160675 1.2927757501602 1.3106954097748 1.3514481782913 1.3380343914032 1.3821207284927 1.4057068824768 1.3934597969055 1.3455458879471 1.274798989296 1.4497183561325 1.5065544843674 1.5961406230927 1.6162266731262 1.5643126964569 1.5920653343201 1.6611514091492 1.4035707712173 1.2401567697525 1.2275762557983 1.1626622676849 1.0154149532318 0.96283435821533 1.1081285476685 1.3086307048798 1.3744663000107 1.3858022689819 1.5059711933136 1.3661400079727 1.2134755849838 1.250311255455
-0.29031628370285 -0.22651365399361 -0.30504408478737 -0.31790813803673 -0.27493888139725 -0.17196941375732 -0.062833666801453 0.0094691067934036 0.035605072975159 0.093907795846462 0.12006642669439 0.13908146321774 0.12859618663788 0.15944412350655 0.13529215753078 0.16097374260426 0.23065494000912 0.35200303792953 0.37401786446571 0.50569927692413 0.76638060808182 1.0065622329712 1.1354939937592 1.2350097894669 1.2953584194183 1.3215407133102 1.2662230730057 1.3312387466431 1.3474209308624 1.2897700071335 1.3729522228241 1.4748013019562 1.4558167457581 1.4816657304764 1.4706288576126 1.5515397787094 1.5831174850464 1.5961949825287 1.6277725696564 1.684516787529 1.9317610263824 1.8745414018631 1.661999464035 1.4943270683289 1.3319045305252 1.280482172966 1.292510509491 1.3138229846954 1.326468706131 1.6716145277023 1.5207604169846 1.462072968483 1.4785521030426 1.4818645715714
-0.32644104957581 -0.15206688642502 -0.082359574735165 -0.17115232348442 -0.15861150622368 -0.12257082015276 -0.1630302220583 -0.16148941218853 -0.07044879347086 0.035592094063759 0.031499888747931 0.092274747788906 0.081883244216442 0.056658089160919 0.039433170109987 0.041708197444677 0.12114974111319 0.2670913040638 0.39619967341423 0.53214138746262 0.69924974441528 0.85685801506042 0.98638468980789 1.0564963817596 1.1627745628357 1.2397196292877 1.3028314113617 1.2461096048355 1.2420547008514 1.280166387558 1.2327780723572 1.3412230014801 1.4123346805573 1.4909464120865 1.4967035055161 1.3662724494934 1.2485082149506 1.3582439422607 1.3924796581268 1.5350487232208 1.5456178188324 1.5973536968231 1.9192004203796 1.8428250551224 1.7719358205795 1.6227329969406 1.6597256660461 1.6726816892624 1.6985695362091 1.6494270563126 1.6143832206726 1.6212360858917 1.7785845994949 1.7269734144211
-0.39534002542496 -0.12722603976727 0.09805478900671 0.14166896045208 0.010782793164253 0.039396807551384 -0.094655744731426 -0.15270848572254 -0.09876124560833 -0.068147234618664 -0.10025405138731 -0.033082317560911 0.030422696843743 0.031594503670931 0.026599556207657 -0.0042287856340408 0.0014430284500122 0.16444823145866 0.27478665113449 0.43095844984055 0.56663018465042 0.71863532066345 0.76828324794769 0.88640761375427 0.99519836902618 1.0861558914185 1.0786134004593 1.1177376508713 1.1216951608658 1.0399861335754 0.98127692937851 1.1355677843094 1.2523586750031 1.3399829864502 1.3279432058334 1.507239818573 1.3862029314041 1.3724994659424 1.4484626054764 1.6310925483704 1.6040556430817 1.6458520889282 1.7376486063004 1.9057520627975 2.2863526344299 2.1346015930176 2.0159788131714 2.0408759117126 2.0349283218384 2.0463061332703 2.0598387718201 1.8249737024307 1.9553508758545 2.0950515270233
-0.095346383750439 0.10300954431295 0.18403214216232 0.30105477571487 0.23474402725697 0.24476669728756 0.15245594084263 0.061311691999435 -0.013332426548004 -0.075976379215717 -0.12736250460148 -0.085824064910412 -0.030952289700508 -0.047247182577848 0.027124693617225 0.010496462695301 0.047535005956888 0.18790678679943 0.32194519042969 0.40098366141319 0.52518880367279 0.58522742986679 0.64185655117035 0.74307638406754 0.73596298694611 0.85534954071045 0.93556946516037 0.82362276315689 0.86134254932404 0.99839586019516 1.0021158456802 1.0336689949036 1.2137221097946 1.4026087522507 1.4725152254105 1.6862751245499 1.6970349550247 1.5022947788239 1.5367213487625 1.6603145599365 1.5789077281952 1.4745008945465 1.5739274024963 1.7590205669403 2.0171136856079 2.2294113636017 2.1377856731415 2.1781556606293 1.8448131084442 1.9531366825104 2.0916271209717 2.066534280777 2.2274413108826 2.2732095718384
0.12014724314213 0.23374511301517 0.29667639732361 0.42877420783043 0.50303852558136 0.28663629293442 0.26473423838615 0.21133191883564 0.099596560001373 -0.0014723489293829 -0.023137619718909 -0.078899063169956 -0.059493873268366 -0.080255344510078 -0.096516750752926 -0.08061159402132 0.033126804977655 0.2066987156868 0.33110398054123 0.38084268569946 0.45041427016258 0.5139861702919 0.57476323843002 0.63957875967026 0.62906092405319 0.59204334020615 0.75885891914368 0.82434111833572 0.82432323694229 0.70413887500763 0.70595443248749 0.87910342216492 1.0074189901352 1.162734746933 1.3567538261414 1.6233104467392 1.9413739442825 1.7218494415283 1.7785451412201 1.6568698883057 1.5584263801575 1.6994830369949 1.621039390564 1.5929292440414 1.5906524658203 1.9505423307419 2.4650905132294 2.0201439857483 1.7225955724716 1.7333389520645 1.9919155836105 2.286075592041 2.5106661319733 2.5716946125031
0.3088076710701 0.28081405162811 0.29865372180939 0.41316014528275 0.66833317279816 0.35517299175262 0.33017927408218 0.19585239887238 0.12085873633623 0.050365135073662 0.064420610666275 0.047192636877298 0.012798021547496 -0.038263503462076 -0.031658247113228 0.11578030139208 0.19005218148232 0.23549076914787 0.29442927241325 0.29536777734756 0.42013972997665 0.47507828474045 0.51283657550812 0.57174783945084 0.62432563304901 0.6534036397934 0.66831487417221 0.51605945825577 0.57430404424667 0.8425487279892 0.86129325628281 0.83353769779205 0.93961572647095 1.186527132988 1.4779924154282 1.6023457050323 1.668532371521 1.8543021678925 2.0700006484985 1.9545605182648 1.7985700368881 1.8829650878906 1.7783182859421 1.7724677324295 1.8933579921722 2.0997111797333 2.7831358909607 2.3125576972961 1.8720450401306 1.8133745193481 1.8899819850922 2.4196448326111 2.7386131286621 2.7320263385773
0.44846796989441 0.38688299059868 0.41629773378372 0.45437943935394 0.7272943854332 0.42620939016342 0.28995755314827 0.17487268149853 0.10278753936291 0.061035644263029 0.020312443375587 -0.069548718631268 -0.065077036619186 -0.014938448555768 0.26903361082077 0.43917214870453 0.59114402532578 0.49078261852264 0.44092112779617 0.37905976176262 0.40186512470245 0.37567043304443 0.43307659029961 0.47541671991348 0.438256919384 0.39076393842697 0.65893763303757 0.73177778720856 0.74095129966736 0.63562494516373 0.73796516656876 0.82113891839981 1.0383125543594 1.3864860534668 1.5415643453598 1.3818808794022 1.4068642854691 1.3366807699203 1.2538306713104 1.3853139877319 1.471376657486 1.7871627807617 2.308846950531 2.6128025054932 NAN NAN NAN NAN NAN NAN NAN NAN NAN NAN
0.30596154928207 0.44045180082321 0.47944182157516 0.68476545810699 0.57225561141968 0.1994124352932 0.12290243804455 0.041726175695658 0.0025497179012746 0.05587324872613 0.17353761196136 0.18920941650867 0.21704812347889 0.25188672542572 0.30389195680618 0.48789724707603 0.6842360496521 0.64374130964279 0.59541344642639 0.58241856098175 0.60425716638565 0.74842917919159 0.73831641674042 0.78225231170654 0.7821883559227 0.78995758295059 0.82889360189438 0.88549607992172 1.1080988645554 1.0260348320007 1.0571372509003 1.4360731840134 1.3950091600418 1.7711118459702 1.3739697933197 1.3302496671677 1.7111961841583 1.9521427154541 2.0082559585571 2.2290358543396 2.1007325649261 2.1741936206818 2.4077475070953 2.9008224010468 3.7082133293152 NAN NAN NAN NAN NAN NAN NAN NAN NAN
1.70141E+38 1.70141E+38 1.70141E+38 1.70141E+38 1.70141E+38 1.70141E+38 1.70141E+38 1.70141E+38 1.70141E+38 1.70141E+38 1.70141E+38 1.70141E+38 1.70141E+38 1.70141E+38 1.70141E+38 1.70141E+38 1.70141E+38 1.70141E+38 1.70141E+38 1.70141E+38 1.70141E+38 1.70141E+38 1.70141E+38 1.70141E+38 1.70141E+38 1.70141E+38 1.70141E+38 1.70141E+38 1.70141E+38 1.70141E+38 1.70141E+38 1.70141E+38 1.70141E+38 1.70141E+38 1.70141E+38 1.70141E+38 1.70141E+38 1.70141E+38 1.70141E+38 1.70141E+38 1.70141E+38 1.70141E+38 1.70141E+38 1.70141E+38 1.70141E+38 1.70141E+38 1.70141E+38 1.70141E+38 1.70141E+38 1.70141E+38 1.70141E+38 1.70141E+38 1.70141E+38 1.70141E+38
1.70141E+38 1.70141E+38 1.70141E+38 1.70141E+38 1.70141E+38 1.70141E+38 1.70141E+38 1.70141E+38 1.70141E+38 1.70141E+38 1.70141E+38 1.70141E+38 1.70141E+38 1.70141E+38 1.70141E+38 1.70141E+38 1.70141E+38 1.70141E+38 1.70141E+38 1.70141E+38 1.70141E+38 1.70141E+38 1.70141E+38 1.70141E+38 1.70141E+38 1.70141E+38 1.70141E+38 1.70141E+38 1.70141E+38 1.70141E+38 1.70141E+38 1.70141E+38 1.70141E+38 1.70141E+38 1.70141E+38 1.70141E+38 1.70141E+38 1.70141E+38 1.70141E+38 1.70141E+38 1.70141E+38 1.70141E+38 1.70141E+38 1.70141E+38 1.70141E+38 1.70141E+38 1.70141E+38 1.70141E+38 1.70141E+38 1.70141E+38 1.70141E+38 1.70141E+38 1.70141E+38 1.70141E+38
1.70141E+38 1.70141E+38 1.70141E+38 1.70141E+38 1.70141E+38 1.70141E+38 1.70141E+38 1.70141E+38 1.70141E+38 1.70141E+38 1.70141E+38 1.70141E+38 1.70141E+38 1.70141E+38 1.70141E+38 1.70141E+38 1.70141E+38 1.70141E+38 1.70141E+38 1.70141E+38 1.70141E+38 1.70141E+38 1.70141E+38 1.70141E+38 1.70141E+38 1.70141E+38 1.70141E+38 1.70141E+38 1.70141E+38 1.70141E+38 1.70141E+38 1.70141E+38 1.70141E+38 1.70141E+38 1.70141E+38 1.70141E+38 1.70141E+38 1.70141E+38 1.70141E+38 1.70141E+38 1.70141E+38 1.70141E+38 1.70141E+38 1.70141E+38 1.70141E+38 1.70141E+38 1.70141E+38 1.70141E+38 1.70141E+38 1.70141E+38 1.70141E+38 1.70141E+38 1.70141E+38 1.70141E+38
1.70141E+38 1.70141E+38 1.70141E+38 1.70141E+38 1.70141E+38 1.70141E+38 1.70141E+38 1.70141E+38 1.70141E+38 1.70141E+38 1.70141E+38 1.70141E+38 1.70141E+38 1.70141E+38 1.70141E+38 1.70141E+38 1.70141E+38 1.70141E+38 1.70141E+38 1.70141E+38 1.70141E+38 1.70141E+38 1.70141E+38 1.70141E+38 1.70141E+38 1.70141E+38 1.70141E+38 1.70141E+38 1.70141E+38 1.70141E+38 1.70141E+38 1.70141E+38 1.70141E+38 1.70141E+38 1.70141E+38 1.70141E+38 1.70141E+38 1.70141E+38 1.70141E+38 1.70141E+38 1.70141E+38 1.70141E+38 1.70141E+38 1.70141E+38 1.70141E+38 1.70141E+38 1.70141E+38 1.70141E+38 1.70141E+38 1.70141E+38 1.70141E+38 1.70141E+38 1.70141E+38 1.70141E+38
1.70141E+38 1.70141E+38 1.70141E+38 1.70141E+38 1.70141E+38 1.70141E+38 1.70141E+38 1.70141E+38 1.70141E+38 1.70141E+38 1.70141E+38 1.70141E+38 1.70141E+38 1.70141E+38 1.70141E+38 1.70141E+38 1.70141E+38 1.70141E+38 1.70141E+38 1.70141E+38 1.70141E+38 1.70141E+38 1.70141E+38 1.70141E+38 1.70141E+38 1.70141E+38 1.70141E+38 1.70141E+38 1.70141E+38 1.70141E+38 1.70141E+38 1.70141E+38 1.70141E+38 1.70141E+38 1.70141E+38 1.70141E+38 1.70141E+38 1.70141E+38 1.70141E+38 1.70141E+38 1.70141E+38 1.70141E+38 1.70141E+38 1.70141E+38 1.70141E+38 1.70141E+38 1.70141E+38 1.70141E+38 1.70141E+38 1.70141E+38 1.70141E+38 1.70141E+38 1.70141E+38 1.70141E+38
