weather_ERA5/wc2.1_2.5m_2000_1_extended.grd
DSAA
532 92
18.854166666667 40.979166666667
68.229166666667 72.020833333333
-2.5665242671967 6.0755014419556
[rows 0 to 23 of 92, columns 216 to 269 of 532]
-0.18579845130444 -0.16857628524303 -0.18918740749359 -0.07546529173851 0.11375703662634 0.027145823463798 -0.32846528291702 -0.49907624721527 -0.017354181036353 0.12020158022642 0.15845504403114 -0.19892671704292 -0.084808744490147 0.19764286279678 0.15926098823547 0.016545817255974 -0.0075028240680695 0.033948611468077 0.014066706411541 0.45018509030342 0.33913633227348 0.52442121505737 0.8418105840683 0.68680465221405 0.73846536874771 0.81795930862427 0.72462004423141 0.85911393165588 0.9179413318634 0.934101998806 1.0177626609802 1.1017569303513 1.1595841646194 1.173411488533 1.0694580078125 1.0167238712311 1.0756565332413 1.0800889730453 1.1125215291977 1.0511204004288 1.1160529851913 1.2571520805359 1.2490847110748 1.2793506383896 1.2699496746063 1.1673821210861 1.2000386714935 1.2820863723755 1.3139672279358 1.3650147914886 1.382728934288 1.2891099452972 1.2413241863251 1.2530384063721
0.17290540039539 0.17771619558334 -0.095473028719425 -0.35516220331192 -0.091184876859188 -0.15604069828987 -0.36673000454903 -0.34891912341118 -0.15644173324108 0.44486916065216 0.45709204673767 -0.16443902254105 -0.099636755883694 -0.046667974442244 0.13696756958961 0.37360298633575 0.38540518283844 0.38887405395508 0.49950963258743 0.41414493322372 0.33594709634781 0.67408263683319 0.71134305000305 0.5458949804306 0.38844671845436 0.3006654381752 0.11371724307537 0.0027691673021764 0.40848785638809 0.65820634365082 0.77875828742981 0.62764346599579 0.77986186742783 0.91324722766876 0.95948415994644 0.75457268953323 0.88282787799835 0.90408301353455 0.98400473594666 0.88692665100098 0.9413486123085 0.90410375595093 0.94969236850739 1.2029476165771 1.0535361766815 0.64562463760376 0.7194550037384 0.76169377565384 0.96459919214249 1.0393382310867 0.99241042137146 1.1011492013931 1.1293880939484 1.2351267337799
0.45646616816521 0.28378728032112 0.13010855019093 0.17676305770874 0.30008432269096 0.035738926380873 0.23339326679707 0.28504785895348 0.16970235109329 0.55402368307114 0.67441511154175 0.41337728500366 0.25383925437927 -0.0063652792014182 -0.1099031791091 0.14972560107708 0.46302086114883 0.19898301362991 0.24211171269417 0.024240517988801 0.21936939656734 0.44616493582726 0.18133708834648 0.13471955060959 0.054435431957245 0.32265132665634 0.077867172658443 -0.24708370864391 0.18496565520763 0.42018142342567 0.41539731621742 0.48027983307838 0.63516241312027 0.78937810659409 0.63068854808807 0.52675956487656 0.56549733877182 0.42106857895851 0.74030637741089 0.77354419231415 0.69711536169052 0.82418656349182 0.90625774860382 1.1254955530167 1.2014000415802 0.72780466079712 0.47735348343849 0.58338016271591 0.85840666294098 0.87693339586258 0.89629340171814 0.99982005357742 1.1581799983978 0.96170645952225
0.31436035037041 0.48585855960846 0.57169014215469 0.60868835449219 0.39635342359543 0.33168497681618 0.53251647949219 0.54084825515747 0.67251312732697 0.85217791795731 0.78690481185913 0.64219355583191 0.55781549215317 0.39927089214325 0.49972608685493 0.72301483154297 0.64430350065231 0.3120921254158 0.19321425259113 0.10250287503004 0.48229151964188 0.26141339540482 0.22699771821499 0.33337756991386 0.36225736141205 0.43280389904976 0.22618371248245 0.3875635266304 0.36777678132057 0.70298999547958 0.3678697347641 0.41224944591522 0.50362944602966 0.60417592525482 0.66089278459549 0.43744644522667 0.25716695189476 0.52938747406006 0.68144118785858 0.70699512958527 0.8420490026474 0.91943615674973 0.90598976612091 1.0993769168854 1.0230975151062 1.055651307106 0.66975212097168 0.78273314237595 0.76604747772217 0.67286211252213 0.77350980043411 0.90599083900452 0.87447202205658 0.71595329046249
0.41692093014717 0.3807629942894 0.47810503840446 0.57011377811432 0.67178910970688 0.70029789209366 0.7263063788414 0.74031513929367 0.80082380771637 0.8044992685318 0.74289453029633 0.57084316015244 0.70579165220261 0.65157359838486 0.3886890411377 0.29947075247765 0.36625269055367 0.35786786675453 0.3374832868576 0.54676508903503 0.51004707813263 0.71432894468307 0.7696585059166 0.76553565263748 0.82374602556229 0.84345650672913 0.85466688871384 0.61287754774094 0.70908796787262 0.77096503973007 0.84784209728241 0.83438605070114 0.85159647464752 0.96914023160934 1.0337636470795 1.0169667005539 1.0500031709671 1.1123729944229 1.1175761222839 1.1506125926971 1.1881490945816 1.1370187997818 1.1287219524384 1.2109249830246 1.180294752121 1.1198312044144 0.80548393726349 0.59775286912918 0.25035509467125 0.14679074287415 0.3700595498085 0.65599519014359 0.82126402854919 0.85886627435684
0.56764835119247 0.4245009124279 0.38718670606613 0.36637246608734 0.36072477698326 0.49257746338844 0.54742974042892 0.67594867944717 0.68096804618835 0.71748697757721 0.83538424968719 0.75065928697586 0.76260113716125 0.81454300880432 0.77948486804962 0.66892677545547 0.65653514862061 0.65447705984116 0.73675215244293 0.75036066770554 0.7848025560379 0.75507760047913 0.76598566770554 0.8033601641655 0.76873475313187 0.76060903072357 0.63981676101685 0.67652457952499 0.68389898538589 0.72994017601013 0.62064778804779 0.80218899250031 0.95173001289368 1.0284377336502 1.0133011341095 1.008486866951 1.0606727600098 1.0713585615158 1.0855443477631 1.1287301778793 1.1767491102219 1.119934797287 1.0511206388474 1.0011396408081 1.0624921321869 1.0403445959091 1.0758826732635 1.0794392824173 0.76966261863708 0.5072193145752 0.33944267034531 0.44199949502945 0.81872272491455 0.86544620990753
0.58804255723953 0.62373864650726 0.61060166358948 0.57213109731674 0.51432740688324 0.56852358579636 0.65688639879227 0.66641592979431 0.69411212205887 0.70614141225815 0.68454051017761 0.66880905628204 0.73157745599747 0.67201232910156 0.73778074979782 0.81654942035675 0.81348437070847 0.79141938686371 0.77135473489761 0.74812299013138 0.79472458362579 0.7968265414238 0.79214650392532 0.76018488407135 0.74238991737366 0.74526166915894 0.67496663331985 0.64733856916428 0.77204352617264 0.84008193016052 0.85795360803604 0.90499210357666 0.79436379671097 0.83823549747467 0.90317225456238 0.97550731897354 1.0185090303421 1.0363440513611 0.96284574270248 0.99101424217224 1.0543491840363 0.97251760959625 0.99901932477951 1.0116877555847 1.0011894702911 0.95752447843552 1.007447719574 1.058625459671 1.2188034057617 1.2064813375473 1.1696591377258 0.93367040157318 0.64484810829163 0.41619274020195
0.49410328269005 0.57064354419708 0.59568297863007 0.59538972377777 0.57292973995209 0.54846966266632 0.5398428440094 0.50954937934875 0.4067562520504 0.38796275854111 0.48336338996887 0.46379181742668 0.42922011017799 0.4364817738533 0.27141004800797 0.5226719379425 0.68926674127579 0.75502848625183 0.74095666408539 0.77438509464264 0.72864669561386 0.78957498073578 0.80530720949173 0.83717614412308 0.80437850952148 0.80158090591431 0.73895007371902 0.81865239143372 0.89668798446655 0.89472365379333 0.89942616224289 0.8942950963974 0.93216413259506 0.9390332698822 0.95420980453491 0.99986088275909 0.89051175117493 0.95132970809937 0.99548065662384 1.0244650840759 1.0361158847809 1.0677670240402 1.0020847320557 0.97556912899017 0.98955345153809 0.91403806209564 0.93217968940735 0.91314512491226 1.0736107826233 1.1635766029358 1.1865422725677 1.2005078792572 1.1858069896698 1.1914393901825
0.36266416311264 0.43188112974167 0.57543134689331 0.51064842939377 0.54669868946075 0.51808255910873 0.46796613931656 0.47084987163544 0.42706704139709 0.35645037889481 0.26918640732765 0.24577471613884 0.25136291980743 0.24778467416763 0.31703945994377 0.50179439783096 0.56821590662003 0.65563756227493 0.63189262151718 0.66698068380356 0.65606904029846 0.65549039840698 0.7164677977562 0.72000086307526 0.71170055866241 0.78223353624344 0.81043308973312 0.84763276576996 0.7144992351532 0.73919880390167 0.85106521844864 0.86043167114258 0.74479782581329 0.82283067703247 0.92924749851227 0.94638121128082 1.0260148048401 1.0431485176086 1.0766155719757 1.1097490787506 1.089882850647 1.0426832437515 0.94031685590744 0.86561715602875 0.82475072145462 0.93971782922745 1.0207448005676 0.93516498804092 1.0374183654785 1.1401718854904 1.2079254388809 1.0533455610275 1.0099322795868 1.0943524837494
0.37739151716232 0.61111897230148 0.38767969608307 0.34457379579544 0.36996787786484 0.35769540071487 0.31675609946251 0.30698356032372 0.37554422020912 0.42227178812027 0.36317622661591 0.35525771975517 0.34017258882523 0.42975395917892 0.528668820858 0.5912504196167 0.62099838256836 0.65841335058212 0.63916152715683 0.57707631587982 0.54249119758606 0.45657268166542 0.51496195793152 0.45215892791748 0.39952257275581 0.48005276918411 0.68624979257584 0.73111337423325 0.64764362573624 0.69367396831512 0.70387089252472 0.7354012131691 0.64493143558502 0.83346199989319 0.76561832427979 0.88673478364944 0.91768425703049 1.0096341371536 1.0614169836044 1.0556999444962 1.0964829921722 1.1114326715469 1.1510488986969 1.086998462677 1.1287815570831 1.2272312641144 1.0329766273499 1.0641845464706 1.0818923711777 1.0886005163193 1.129475235939 1.198516368866 1.1807245016098 1.1515989303589
0.67111897468567 0.51102352142334 0.55026125907898 0.56383246183395 0.5547371506691 0.50597488880157 0.46754598617554 0.52495050430298 0.47168841958046 0.39192607998848 0.35099917650223 0.28057390451431 0.26098197698593 0.048723455518484 0.13813155889511 0.26387301087379 0.35344761610031 0.28218907117844 0.42543053627014 0.44917184114456 0.36407998204231 0.25248804688454 0.25128927826881 0.30348351597786 0.46267786622047 0.60420525074005 0.62506622076035 0.52392733097076 0.50428801774979 0.4934823513031 0.53884339332581 0.71370422840118 0.72339856624603 0.85959273576736 0.90982270240784 0.93725508451462 0.94402050971985 0.92395305633545 0.95355188846588 1.0008172988892 0.98141634464264 0.99951523542404 1.0431144237518 1.1298800706863 1.1314787864685 1.1030777692795 1.1632086038589 1.144037604332 1.1605335474014 1.1591958999634 1.1666917800903 1.1523540019989 1.1553497314453 1.1600121259689
0.64267981052399 0.62109470367432 0.55500942468643 0.54609125852585 0.46650621294975 0.5159210562706 0.48616918921471 0.50025081634521 0.36866575479507 0.24391411244869 0.28815552592278 0.1540567278862 0.054624900221825 0.12119301408529 0.22276090085506 0.25682887434959 0.23489692807198 0.20813150703907 0.27869951725006 0.20693425834179 0.14566895365715 0.25707018375397 0.30611646175385 0.29614159464836 0.34583294391632 0.35269123315811 0.38038292527199 0.30940771102905 0.42976593971252 0.40295752882957 0.50831580162048 0.74400740861893 0.84953212738037 0.795057117939 0.74369376897812 0.77027529478073 0.76235693693161 0.78577166795731 0.88701999187469 0.86676824092865 0.86051654815674 0.88143140077591 0.94701325893402 1.0152611732483 0.93234276771545 0.96975767612457 0.98994028568268 1.058057308197 0.99400752782822 0.92145770788193 0.89307475090027 1.059024810791 0.9103085398674 1.0244252681732
0.59007376432419 0.48849922418594 0.48259121179581 0.42218297719955 0.36144188046455 0.42636713385582 0.54129248857498 0.58138459920883 0.63864326477051 0.5727351307869 0.40664514899254 0.41020646691322 0.50293433666229 0.40632903575897 0.3340567946434 0.32645139098167 0.28467932343483 0.33040729165077 0.26030179858208 0.2821963429451 0.16175755858421 0.13631887733936 0.27111065387726 0.33646616339684 0.39548835158348 0.41717728972435 0.36619943380356 0.33922153711319 0.42857712507248 0.35426592826843 0.50628817081451 0.68631047010422 0.66133260726929 0.61368823051453 0.65389800071716 0.62946230173111 0.62652629613876 0.67659062147141 0.71365487575531 0.61088573932648 0.68394994735718 0.87401419878006 0.81991171836853 0.70430940389633 0.7633735537529 0.86210441589355 0.77950555086136 0.91324365139008 0.93481510877609 0.85171973705292 0.9114578962326 0.97069579362869 1.0232672691345 1.016505241394
0.69212400913239 0.71766358613968 0.68520361185074 0.53641021251678 0.38378325104713 0.50798970460892 0.63386285305023 0.69590282440186 0.73077583312988 0.66281574964523 0.59564185142517 0.56975418329239 0.48803314566612 0.41414552927017 0.46792462468147 0.48487034440041 0.44581618905067 0.39726173877716 0.35720747709274 0.3408197760582 0.29276558756828 0.34071120619774 0.33840426802635 0.31051132082939 0.31578519940376 0.40222537517548 0.45016598701477 0.48343944549561 0.517713367939 0.5336537361145 0.6195941567421 0.56420111656189 0.53147494792938 0.627081990242 0.63412570953369 0.59510600566864 0.63258612155914 0.68773329257965 0.72904694080353 0.76086068153381 0.75034093856812 0.70182126760483 0.68780142068863 0.69828188419342 0.77076232433319 0.73757594823837 0.6450434923172 0.69199877977371 0.66462075710297 0.69340890645981 0.70303082466125 0.72881931066513 0.83060771226883 0.90372961759567
0.74499666690826 0.72525507211685 0.69118010997772 0.7314385175705 0.711197078228 0.6989551782608 0.65454697608948 0.67013871669769 0.64456367492676 0.62132215499878 0.5718120932579 0.48753327131271 0.51358807086945 0.6038094162941 0.53286403417587 0.56758546829224 0.39480683207512 0.4295282959938 0.47208294272423 0.42530426383018 0.37569242715836 0.31941366195679 0.25999736785889 0.24627687036991 0.29372310638428 0.37416931986809 0.3906155526638 0.53322845697403 0.55684107542038 0.54778742790222 0.56356680393219 0.58684629201889 0.59712588787079 0.54023879766464 0.56721019744873 0.63120669126511 0.64070343971252 0.64853304624557 0.68169617652893 0.70685946941376 0.70735591650009 0.68201923370361 0.6420156955719 0.72767877578735 0.78867536783218 0.77333861589432 0.72188764810562 0.72198921442032 0.69409072399139 0.66169232130051 0.67979383468628 0.6577285528183 0.6493301987648 0.68293190002441
0.83103609085083 0.72667980194092 0.71532320976257 0.7426335811615 0.70761066675186 0.74025416374207 0.8382311463356 0.84204149246216 0.82351833581924 0.83932864665985 0.77564907073975 0.78281253576279 0.7696430683136 0.71647328138351 0.64780366420746 0.58763402700424 0.56479758024216 0.48996141552925 0.41245838999748 0.34928876161575 0.3212858736515 0.34594935178757 0.32325729727745 0.2938759624958 0.33949464559555 0.38777986168861 0.47023183107376 0.50601702928543 0.48913571238518 0.51792097091675 0.55203980207443 0.58632504940033 0.5991103053093 0.59139555692673 0.54429471492767 0.57364082336426 0.60632014274597 0.62333285808563 0.61017894744873 0.62402480840683 0.66053777933121 0.67921710014343 0.70272994041443 0.73207587003708 0.76225531101227 0.77176797389984 0.7503981590271 0.69497960805893 0.68222749233246 0.61147540807724 0.65189009904861 0.5981382727623 0.49455285072327 0.5376341342926
0.88824224472046 0.80660456418991 0.78646665811539 0.79466193914413 0.80552405118942 0.87988644838333 0.96124869585037 0.91677755117416 0.8348063826561 0.80200177431107 0.76381927728653 0.7482585310936 0.72636443376541 0.70047050714493 0.60374319553375 0.53634911775589 0.53378856182098 0.43606108427048 0.44650059938431 0.42610651254654 0.3977125287056 0.33398526906967 0.36885043978691 0.39147466421127 0.3214325606823 0.41289016604424 0.53984802961349 0.61247247457504 0.61609697341919 0.58572149276733 0.58034592866898 0.5958034992218 0.60592800378799 0.63971918821335 0.61571228504181 0.61440795660019 0.5967703461647 0.55763268470764 0.58032828569412 0.54602378606796 0.57488614320755 0.5992483496666 0.65061068534851 0.66563957929611 0.70650172233582 0.72653073072433 0.7532422542572 0.77097010612488 0.78519767522812 0.74159216880798 0.69565325975418 0.71088099479675 0.62410873174667 0.57783639431
0.8616150021553 0.76619571447372 0.77960991859436 0.85219061374664 0.89010465145111 0.86735206842422 0.82643282413483 0.79101353883743 0.8070941567421 0.79200834035873 0.79515618085861 0.62837094068527 0.57291948795319 0.53463447093964 0.50268268585205 0.50656425952911 0.54794591665268 0.55266100168228 0.55604267120361 0.52175784111023 0.42930608987808 0.40468770265579 0.40394356846809 0.44257372617722 0.4492039680481 0.53650099039078 0.66663098335266 0.72676128149033 0.66822493076324 0.69118851423264 0.72181868553162 0.69678217172623 0.75191235542297 0.75204247236252 0.76896351575851 0.71284204721451 0.66755384206772 0.6244323849678 0.60964423418045 0.57752275466919 0.57373458147049 0.57294625043869 0.57249146699905 0.57203644514084 0.5717481970787 0.61662673950195 0.65975296497345 0.71029394865036 0.71750128269196 0.76137536764145 0.76658290624619 0.74595695734024 0.76649779081345 0.69953858852386
0.76565444469452 0.6914536356926 0.7670863866806 0.86105227470398 0.86101818084717 0.78215092420578 0.64211690425873 0.61874943971634 0.61454874277115 0.60084801912308 0.60815960168839 0.60465043783188 0.57914084196091 0.57263153791428 0.49578896164894 0.49494618177414 0.53760355710983 0.50409430265427 0.46541836857796 0.45957553386688 0.45506611466408 0.506223320961 0.502536714077 0.54500585794449 0.61630868911743 0.63794481754303 0.7212473154068 0.78871661424637 0.79251933097839 0.77148884534836 0.74662464857101 0.74576061964035 0.81173008680344 0.86753273010254 0.86671477556229 0.83294260501862 0.79867082834244 0.76089864969254 0.70429342985153 0.64285492897034 0.58358281850815 0.53347736597061 0.51020550727844 0.53410005569458 0.51782810688019 0.50088953971863 0.55776393413544 0.58361768722534 0.63363826274872 0.70332539081573 0.70917928218842 0.69669979810715 0.69888722896576 0.74574095010757
0.85536062717438 0.7463783621788 0.77522957324982 0.86024737358093 0.85159868001938 0.8327831029892 0.68480098247528 0.61498552560806 0.68933671712875 0.68102115392685 0.64149671792984 0.64809602499008 0.65619593858719 0.63779556751251 0.57122838497162 0.55366140604019 0.52359443902969 0.50902736186981 0.48596036434174 0.4370599091053 0.35732626914978 0.39742591977119 0.41446331143379 0.45293831825256 0.53974694013596 0.68638855218887 0.76136380434036 0.7953388094902 0.84798061847687 0.88995575904846 0.86026430130005 0.85307258367538 0.86471432447433 0.89835613965988 0.8821325302124 0.82004338502884 0.79812103509903 0.79553180932999 0.78194266557693 0.72302025556564 0.69359797239304 0.6248419880867 0.56925290822983 0.54283052682877 0.57574146986008 0.54815226793289 0.54460769891739 0.55460810661316 0.61444169282913 0.65977543592453 0.71227556467056 0.70894265174866 0.72560948133469 0.71494311094284
0.83856672048569 0.83846974372864 0.80987286567688 0.77144259214401 0.78401249647141 0.84508210420609 0.77548509836197 0.66288816928864 0.81312447786331 0.822360932827 0.61533355712891 0.64254206418991 0.72141742706299 0.68395936489105 0.55283468961716 0.49487668275833 0.48841854929924 0.49196070432663 0.46550250053406 0.42454436421394 0.38758617639542 0.40979495644569 0.51705634593964 0.53487068414688 0.56951814889908 0.66133248806 0.71664667129517 0.80912756919861 0.82377517223358 0.86875611543655 0.92340368032455 0.94238460063934 0.93919891119003 0.95717960596085 0.93255031108856 0.94114422798157 0.91257125139236 0.84049820899963 0.80992531776428 0.75168573856354 0.65577948093414 0.62303990125656 0.56163376569748 0.51039427518845 0.51715451478958 0.52608162164688 0.53795182704926 0.55076521635056 0.5932452082634 0.60372531414032 0.59320533275604 0.57485198974609 0.60766541957855 0.58631205558777
0.80393928289413 0.8162277340889 0.7895160317421 0.77747112512589 0.8012592792511 0.77521449327469 0.77166926860809 0.80529099702835 0.85224580764771 0.8493674993515 0.77033710479736 0.79898810386658 0.73397237062454 0.53428983688354 0.53494071960449 0.52642512321472 0.49624273180962 0.50472718477249 0.43237793445587 0.42286211252213 0.38351306319237 0.3654972910881 0.44631630182266 0.54396963119507 0.65328967571259 0.68694293498993 0.6784296631813 0.69041639566422 0.75523632764816 0.88738977909088 0.93837642669678 0.949363052845 1.0210164785385 0.99233645200729 0.95530152320862 0.99841147661209 0.95368808507919 0.88529807329178 0.83824121952057 0.78268468379974 0.75596123933792 0.67673796415329 0.6255145072937 0.58362448215485 0.49723455309868 0.47801101207733 0.49746257066727 0.54458904266357 0.57271540164948 0.57234191894531 0.59063500165939 0.62176138162613 0.64855462312698 0.54884773492813
0.72631216049194 0.75515246391296 0.65482604503632 0.57266610860825 0.54167300462723 0.50551325082779 0.62001997232437 0.71502667665482 0.74803376197815 0.79554069042206 0.78367412090302 0.78010058403015 0.75636041164398 0.66162049770355 0.53988033533096 0.49064019322395 0.51006686687469 0.48166018724442 0.46475344896317 0.44251319766045 0.40710657835007 0.3825332224369 0.38890942931175 0.52690178155899 0.67522758245468 0.71538686752319 0.75421273708344 0.75837182998657 0.78253090381622 0.89685666561127 0.92118257284164 0.98667508363724 1.0585007667542 1.1351600885391 1.0797193050385 0.96417886018753 0.88880515098572 0.81009781360626 0.82555741071701 0.73418343067169 0.64364290237427 0.66376900672913 0.61822843551636 0.44568803906441 0.40014761686325 0.383440554142 0.43030676245689 0.48574605584145 0.55818557739258 0.59445852041245 0.58206468820572 0.55950421094894 0.55544376373291 0.61721658706665
0.47968491911888 0.51857709884644 0.47763594985008 0.41769468784332 0.42392009496689 0.43197870254517 0.52153742313385 0.56426304578781 0.46998846530914 0.52771389484406 0.61317753791809 0.64487987756729 0.69074881076813 0.69111764431 0.68248671293259 0.65668880939484 0.55489104986191 0.45475998520851 0.45762899518013 0.41716453433037 0.38270011544228 0.37940236926079 0.39533597230911 0.43366745114326 0.59633249044418 0.71033078432083 0.77399569749832 0.85299384593964 0.90599232912064 0.98415696620941 1.0034886598587 1.0398203134537 1.0561519861221 1.1313169002533 1.1888036727905 1.1402795314789 1.0302551984787 0.84956413507462 0.81820660829544 0.87351584434509 0.91982460021973 0.97963374853134 0.90910929441452 0.73925173282623 0.66172754764557 0.58986985683441 0.52815061807632 0.58823668956757 0.53532254695892 0.54757511615753 0.54616099596024 0.60474699735641 0.55366611480713 0.54858541488647
