weather_ERA5/wc2.1_2.5m_2000_1_extended.grd
DSAA
532 92
18.854166666667 40.979166666667
68.229166666667 72.020833333333
-2.5665242671967 6.0755014419556
[rows 0 to 23 of 92, columns 270 to 323 of 532]
1.1119194030762 1.1009666919708 1.1143476963043 1.0085617303848 1.035807967186 1.0780861377716 1.0593638420105 1.1791418790817 1.2459197044373 1.2978644371033 1.3319756984711 1.3712538480759 1.4738651514053 1.4798096418381 1.2922543287277 1.1320323944092 0.89726489782333 0.69745218753815 0.47447291016579 0.2589935362339 0.29784750938416 0.33786806464195 0.53672206401825 0.81724262237549 1.1467634439468 1.0657840967178 1.0819715261459 0.85832518339157 0.85514354705811 0.96942639350891 0.9338760972023 0.71832537651062 0.47977492213249 0.54622441530228 1.0795072317123 1.124623298645 1.1082392930984 1.1550222635269 1.0809715986252 0.80358773469925 0.64823639392853 0.76491761207581 0.72909873723984 0.62994676828384 0.69429469108582 0.67330932617188 0.47899049520493 0.456671833992 0.55701965093613 0.62053430080414 0.79004883766174 0.86472994089127 0.93124586343765 0.77976256608963
1.2070322036743 1.2367712259293 1.1355098485947 1.0205819606781 0.90091550350189 0.87584340572357 1.1224378347397 1.2691993713379 1.4401271343231 1.4627219438553 1.3101497888565 1.263744354248 1.2536722421646 1.4506002664566 1.2830282449722 1.1346228122711 1.0191884040833 0.94255799055099 0.67942780256271 0.51029747724533 0.26700040698051 -0.29796317219734 0.051739823073149 0.57277625799179 0.91097915172577 1.1286822557449 1.278218626976 1.3534215688705 1.240064740181 0.77031487226486 0.34706509113312 0.34464845061302 1.0550652742386 1.278148651123 1.1755653619766 1.1561487913132 1.0870656967163 1.163482427597 1.056732416153 0.99198257923126 0.94841724634171 0.65170305967331 0.76098901033401 0.90494149923325 0.84706073999405 0.6736798286438 0.66929924488068 0.54725176095963 0.49970427155495 0.59315687417984 0.70227605104446 0.84522861242294 0.73242485523224 0.69219827651978
1.1972333192825 1.1789265871048 1.1712865829468 1.0988130569458 1.2051258087158 1.2433911561966 1.3119897842407 1.344088435173 1.4685205221176 1.4756190776825 1.3000510931015 1.1926497220993 1.2537484169006 1.5031803846359 1.4207791090012 1.115377664566 0.97033792734146 0.76082670688629 0.47098219394684 0.34680420160294 0.43329295516014 0.34444832801819 -0.17622965574265 -0.0087409513071179 0.71324789524078 0.79573655128479 1.0215585231781 1.1230473518372 1.3297663927078 1.3703821897507 1.3249983787537 1.3362811803818 1.4518971443176 1.3883464336395 1.2137960195541 1.1545785665512 1.2231944799423 1.1744772195816 1.1380933523178 1.114542722702 0.89497381448746 0.84538722038269 1.0123003721237 1.0162135362625 0.86812669038773 0.76487320661545 0.68678653240204 0.76703292131424 0.75694608688354 0.77102607488632 0.89793932437897 0.95301914215088 0.9348925948143 0.77055984735489
0.69110101461411 0.95758205652237 1.061896443367 1.1410442590714 0.82566940784454 0.82977217435837 1.0010415315628 1.1759777069092 1.1790804862976 1.2913496494293 1.3239523172379 1.2048885822296 1.1471577882767 1.0252604484558 1.215029835701 1.4392992258072 1.3611544370651 1.2854290008545 1.305370092392 1.1449778079987 0.74491876363754 0.27219313383102 0.45163431763649 1.0980752706528 0.96651643514633 0.77545744180679 1.2225652933121 1.3071730136871 1.3011345863342 1.3151164054871 1.3144316673279 1.3697471618652 1.4265623092651 1.3993774652481 1.3663597106934 1.3033415079117 1.2599900960922 1.2323055267334 1.1652874946594 1.1277692317963 1.1320307254791 1.1264045238495 1.1244450807571 1.0186520814896 0.91735947132111 0.9753999710083 0.92810696363449 1.0761477947235 0.96402156352997 0.97422856092453 1.0807690620422 1.0364762544632 1.0913605690002 0.87742167711258
0.91380190849304 1.1289041042328 1.0550062656403 0.7746085524559 0.3753799200058 0.47448655962944 0.88542664051056 1.0565333366394 1.2004736661911 1.2590804100037 1.1955205202103 1.0711270570755 1.1712338924408 0.95984077453613 0.67061400413513 0.89638763666153 1.0436376333237 1.2298644781113 1.3810911178589 1.4529845714569 1.3285447359085 1.0239381790161 0.98233169317245 1.4853916168213 1.549951672554 1.4103450775146 1.3182384967804 1.2151319980621 1.1016693115234 1.1505171060562 1.284531712532 1.3302129507065 1.401727437973 1.4422421455383 1.3769234418869 1.3294378519058 1.2782858610153 1.2264671325684 1.1758148670197 1.1951628923416 1.0894206762314 0.99275517463684 0.96942299604416 0.93942415714264 0.84709197282791 0.78692656755447 0.98559427261353 1.1522622108459 1.2332632541656 1.175931096077 1.1745990514755 1.1659336090088 1.1114948987961 1.054616689682
0.99283623695374 0.6695596575737 0.83061641454697 0.78367304801941 0.52592355012894 0.67353439331055 0.6808118224144 0.93775606155396 1.1047002077103 1.1778110265732 1.1929218769073 1.0448658466339 1.0483100414276 0.89975416660309 0.64519822597504 0.87964254617691 0.87695413827896 0.96513313055038 1.1121456623077 1.1709914207458 1.5468372106552 1.7206830978394 1.7701953649521 1.8083746433258 1.7532203197479 1.6685661077499 1.3994117975235 1.1235910654068 1.0452040433884 1.098917722702 1.2107985019684 1.264012336731 1.2297260761261 1.3202732801437 1.4043205976486 1.392867565155 1.3384147882462 1.3031287193298 1.239842414856 1.098056435585 0.98714405298233 0.91543918848038 0.87790101766586 0.91636270284653 0.86315816640854 0.92728638648987 0.92558157444 1.0237100124359 1.1258387565613 1.2426338195801 1.203262090683 1.174723982811 1.066462635994 0.70247828960419
0.85803723335266 0.74871516227722 0.82972627878189 1.0815708637238 1.0389672517776 1.0717487335205 1.0443634986877 1.077311873436 1.0772598981857 1.2318749427795 1.0844898223877 1.039271235466 1.2685528993607 1.1498341560364 0.63078242540359 0.855564057827 1.1544371843338 1.3205686807632 1.3503668308258 1.4684982299805 1.5206297636032 1.5587611198425 1.5307260751724 1.6728575229645 1.8011554479599 1.7417871952057 1.4755852222443 1.2312167882919 1.3129056692123 1.1856520175934 1.252231836319 1.3309781551361 1.3108912706375 1.3584712743759 1.4257175922394 1.4219638109207 1.3492102622986 1.3074567317963 1.2633699178696 1.1977829933167 1.1245340108871 1.0096232891083 0.79571241140366 0.72980147600174 1.021723985672 1.1349796056747 1.1357356309891 1.2021580934525 1.3387470245361 1.2868362665176 1.1779254674911 1.0713478326797 0.98493057489395 0.80750674009323
0.95290488004684 0.58253729343414 0.69083619117737 1.0031352043152 1.0283442735672 0.91262978315353 1.081582069397 1.1165343523026 1.1894865036011 1.2606055736542 1.2880578041077 1.2575100660324 1.3722956180573 1.3357478380203 1.2902001142502 1.1479856967926 1.0374205112457 1.0693376064301 1.272588133812 1.2756718397141 1.4352556467056 1.4923394918442 1.6015899181366 1.7596737146378 1.6942576169968 1.6710081100464 1.6954252719879 1.5571756362915 1.4319404363632 1.2467193603516 1.187665104866 1.3217774629593 1.3372232913971 1.3321688175201 1.3621146678925 1.4210603237152 1.3570059537888 1.3552850484848 1.3303973674774 1.2725098133087 1.1842576265335 1.1389738321304 1.2151902914047 1.2125735282898 1.2474566698074 1.2925063371658 1.3492228984833 1.3931059837341 1.3701556921005 1.2532054185867 1.2099219560623 1.0418050289154 1.1153982877731 0.95736849308014
1.1092725992203 0.92169260978699 0.77777969837189 0.82819980382919 0.8293879032135 0.97684425115585 1.0181338787079 0.97492349147797 1.1543797254562 1.232169508934 1.3037923574448 1.281082034111 1.3502051830292 1.3933279514313 1.410284280777 1.3692406415939 1.3350702524185 1.2927728891373 1.34164249897 1.2960120439529 1.3762147426605 1.4509176015854 1.5707870721817 1.6801565885544 1.5526928901672 1.6023956537247 1.6829317808151 1.64080119133 1.5394753217697 1.3194535970688 1.2959318161011 1.323410153389 1.3278883695602 1.2308667898178 1.1898449659348 1.2258232831955 1.2924683094025 1.4104464054108 1.4662582874298 1.4509030580521 1.4111474752426 1.3961579799652 1.329501748085 1.3485122919083 1.2385225296021 1.2936996221542 1.3585433959961 1.4830539226532 1.4420642852783 1.3264079093933 1.2072517871857 0.97642886638641 0.9068660736084 0.85789680480957
1.1619734764099 1.1970149278641 1.2283895015717 1.2484307289124 1.2225983142853 1.2355586290359 1.2451857328415 1.2434794902802 1.2374397516251 1.1837334632874 1.2036938667297 1.2274874448776 1.2719478607178 1.2850748300552 1.3550351858139 1.3483289480209 1.3578867912292 1.1428750753403 1.2508636713028 1.3968522548676 1.5310074090958 1.585662484169 1.6221511363983 1.6246395111084 1.5936281681061 1.5932832956314 1.6134384870529 1.5924270153046 1.5928432941437 1.5573543310165 1.5223652124405 1.5388760566711 1.4905537366867 1.393564581871 1.3742421865463 1.3957530260086 1.3879306316376 1.4062747955322 1.4567859172821 1.482296705246 1.4637043476105 1.5288420915604 1.5568130016327 1.5859508514404 1.4340887069702 1.3978929519653 1.4133639335632 1.546835064888 1.5223062038422 1.4402772188187 1.2722482681274 1.1547192335129 1.2718337774277 1.1532583236694
1.164341211319 1.166003704071 1.1373327970505 1.1194953918457 1.1406419277191 1.1536065340042 1.2327374219894 1.2447017431259 1.1926664113998 1.1996307373047 1.2074285745621 1.1872261762619 1.2106906175613 1.1851550340652 1.2882859706879 1.3064171075821 1.4412031173706 1.4536439180374 1.3927515745163 1.450025677681 1.527633190155 1.5447409152985 1.4673483371735 1.4112894535065 1.2067301273346 1.2866708040237 1.3919451236725 1.2735526561737 1.3578783273697 1.441921710968 1.3021320104599 1.2638419866562 1.2050521373749 1.2185957431793 1.2366392612457 1.37118268013 1.4628927707672 1.4946027994156 1.4816465377808 1.4688568115234 1.2995944023132 1.3223593235016 1.3926243782043 1.5870560407639 1.6609878540039 1.5684195756912 1.4765179157257 1.5496163368225 1.6468813419342 1.4291464090347 1.3189114332199 1.3473432064056 1.3659684658051 1.3144536018372
1.043542265892 1.1034924983978 1.0791094303131 1.0897264480591 1.1183524131775 1.1764874458313 1.2231225967407 1.2155909538269 1.1902260780334 1.1816945075989 1.1923297643661 1.2371315956116 1.2224333286285 1.244735121727 1.2798701524734 1.2530055046082 1.2595195770264 1.3977462053299 1.3378061056137 1.1081993579865 1.1604257822037 1.2539856433868 1.2700455188751 1.1579388380051 1.1181653738022 1.1640585660934 1.2167851924896 1.2173451185226 1.2150797843933 1.2759891748428 1.227065205574 1.1034746170044 1.200884103775 1.2176268100739 1.2462029457092 1.2596124410629 1.3073551654816 1.3399313688278 1.350674033165 1.3255834579468 1.305984377861 1.3807100057602 1.4514356851578 1.5049948692322 1.5752203464508 1.6082795858383 1.6165052652359 1.6535642147064 1.7331233024597 1.6760156154633 1.6044080257416 1.5308005809784 1.4699362516403 1.2843151092529
1.0657432079315 0.93764793872833 0.91438591480255 0.95212399959564 1.0215628147125 1.0865352153778 1.0825077295303 1.0656468868256 1.077619433403 1.1467586755753 1.0922311544418 1.0995370149612 1.0161761045456 1.038148522377 1.087620973587 1.1342602968216 1.1491694450378 1.2098482847214 1.22802734375 1.105039358139 1.0478850603104 1.0380638837814 1.0585762262344 1.0144218206406 1.0676007270813 1.0994461774826 1.1066250801086 1.1103038787842 1.0697811841965 1.1110564470291 1.131165266037 1.041440486908 1.0557160377502 1.1088247299194 1.1042667627335 1.0552086830139 1.1289840936661 1.1574261188507 1.2435348033905 1.2663102149963 1.3028744459152 1.249560713768 1.3925803899765 1.4634333848953 1.4792864322662 1.509139418602 1.5101592540741 1.5310121774673 1.5596985816956 1.6422183513641 1.7064045667648 1.7879244089127 1.7745705842972 1.6758435964584
0.8283514380455 0.90913993120193 0.9177617430687 0.88388347625732 0.89062947034836 0.85933274030685 0.81803607940674 0.84323942661285 1.0177761316299 1.0433127880096 1.0255160331726 0.99288600683212 0.92192262411118 0.86779260635376 0.96832931041718 1.0333658456802 1.0543375015259 1.0345772504807 1.004150390625 0.96272349357605 0.90162992477417 0.89453631639481 0.92944288253784 0.87751585245132 0.92942243814468 0.97599542140961 1.031568646431 0.97114169597626 0.97430622577667 1.0292288064957 0.96065145730972 0.93590742349625 0.83016347885132 0.79258614778519 0.75984209775925 0.80426478385925 0.87452077865601 0.98327678442001 1.0940327644348 1.1449552774429 1.1269686222076 1.124073266983 1.1771775484085 1.279948592186 1.4372198581696 1.3428241014481 1.161261677742 1.1745326519012 1.2016372680664 1.2227413654327 1.3000124692917 1.3822835683823 1.6242617368698 1.8266139030457
0.65753328800201 0.80680167675018 0.75156980752945 0.67083805799484 0.65238600969315 0.68704694509506 0.76954108476639 0.87003540992737 0.98202955722809 0.95952379703522 0.86018460988998 0.73567885160446 0.63900643587112 0.7536672949791 0.85399466753006 0.95398902893066 0.93352407217026 0.89209979772568 0.8678423166275 0.81575149297714 0.70166057348251 0.61223644018173 0.59547883272171 0.66122144460678 0.77029722929001 0.84887313842773 0.798448741436 0.68652445077896 0.85315489768982 0.98417258262634 0.89769071340561 0.73220854997635 0.76989316940308 0.73757773637772 0.59292906522751 0.72744709253311 0.80696499347687 0.55598282814026 0.80433416366577 1.016352057457 0.97793436050415 1.0667474269867 1.1925605535507 1.2705402374268 1.433353304863 1.2991664409637 1.2749794721603 1.3346258401871 1.2902723550797 1.1367521286011 1.2452318668365 1.3873784542084 1.4663430452347 1.4864593744278
0.62888211011887 0.52279669046402 0.46871134638786 0.41662618517876 0.67197585105896 0.75442779064178 0.74304610490799 0.88999783992767 0.826116502285 0.75490146875381 0.58985340595245 0.57980507612228 0.58859002590179 0.6585419178009 0.70249360799789 0.74327880144119 0.78321051597595 0.75712239742279 0.71670091152191 0.72061276435852 0.7120246887207 0.62126982212067 0.63801491260529 0.65442687273026 0.67717200517654 0.71225041151047 0.70399570465088 0.74124079942703 0.65083682537079 0.50411659479141 0.72839647531509 0.60050970315933 0.5461231470108 0.64440286159515 0.59151613712311 0.58062928915024 0.65357595682144 0.8166891336441 0.80896896123886 0.95191562175751 0.96823304891586 0.92508816719055 1.1512767076492 1.325131893158 1.4309868812561 1.259508728981 1.0695304870605 0.97871911525726 1.0834075212479 1.2500960826874 1.2807844877243 1.3626396656036 1.4389241933823 1.3708047866821
0.50889736413956 0.52679187059402 0.6246862411499 0.66491395235062 0.72273248434067 0.78697502613068 0.82205110788345 0.71212732791901 0.70586979389191 0.76344573497772 0.68885523080826 0.53976452350616 0.57484048604965 0.58741652965546 0.60349267721176 0.6415684223175 0.54923057556152 0.56064492464066 0.62772631645203 0.55847412347794 0.57788878679276 0.6174698472023 0.65355116128922 0.68529897928238 0.73571354150772 0.74346137046814 0.68820911645889 0.61812371015549 0.78468531370163 0.84606057405472 0.82043564319611 0.8274775147438 0.74201941490173 0.72106122970581 0.67793637514114 0.73381161689758 0.70335340499878 0.72039532661438 0.75043720006943 0.86681240797043 1.0038652420044 1.0784291028976 1.154492855072 1.2278901338577 1.3952872753143 1.2620178461075 1.206081867218 1.1606456041336 1.1877094507217 1.1969400644302 1.1043370962143 1.0505677461624 1.215505361557 1.2704834938049
0.59407937526703 0.55062031745911 0.59049427509308 0.72253525257111 0.78648895025253 0.82435584068298 0.79972296953201 0.73792296648026 0.73728978633881 0.80532342195511 0.80135709047318 0.65155738592148 0.6027575135231 0.59329104423523 0.5854914188385 0.56769162416458 0.53241699934006 0.47800102829933 0.43925142288208 0.49450191855431 0.49108594655991 0.52483642101288 0.48508700728416 0.54967093467712 0.75508832931519 0.78450554609299 0.66075611114502 0.58700662851334 0.73103392124176 0.8901709318161 1.0168081521988 1.0261119604111 1.0035824775696 0.93138635158539 0.95152336359024 1.0164939165115 0.97496443986893 0.85926830768585 0.82057201862335 0.96354258060455 1.115830540657 1.123103260994 1.1252092123032 1.0158150196075 1.2109209299088 1.3428603410721 1.2681328058243 1.238738656044 1.4343445301056 1.3571172952652 1.2885564565659 1.2273290157318 1.3114199638367 1.3398290872574
0.78026151657104 0.71094870567322 0.69680261611938 0.74332314729691 0.79974555969238 0.83090329170227 0.79772782325745 0.74121886491776 0.68737667798996 0.56803452968597 0.49102562665939 0.5326834321022 0.61167460680008 0.53883230686188 0.52632355690002 0.51198130846024 0.3454367518425 0.35869014263153 0.39461001753807 0.29686331748962 0.37861660122871 0.41186997294426 0.45978993177414 0.4928765296936 0.6549631357193 0.72738313674927 0.76946967840195 0.77755624055862 0.69038254022598 0.80378150939941 0.94851410388947 1.0630797147751 1.1119788885117 1.084211230278 1.1064436435699 1.0798426866531 1.0855752229691 1.0538077354431 0.95570677518845 0.882772564888 1.0369628667831 1.2141108512878 1.258925318718 1.1887401342392 1.1835545301437 1.1788692474365 1.3761839866638 1.4426652193069 1.5301464796066 1.6081278324127 1.6034425497055 1.5869238376617 1.5516678094864 1.4721745252609
0.71627682447433 0.69594377279282 0.69711065292358 0.68227767944336 0.70283550024033 0.73611742258072 0.76256620883942 0.76051491498947 0.71229696273804 0.64607900381088 0.55369424819946 0.529809653759 0.47475838661194 0.45387375354767 0.42532244324684 0.40727105736732 0.44979000091553 0.38671267032623 0.35896861553192 0.35272464156151 0.31398069858551 0.40023678541183 0.43232592940331 0.45808207988739 0.54650455713272 0.66626048088074 0.66234987974167 0.67243921756744 0.77989768981934 0.85272538661957 0.94705319404602 0.97638088464737 1.0412087440491 1.0697031021118 1.0493640899658 1.0288585424423 1.077019572258 1.0533472299576 1.03000831604 1.0533361434937 0.96626168489456 1.0179517269135 1.1909749507904 1.2041651010513 1.2891882658005 1.3892117738724 1.3504016399384 1.387091755867 1.4972816705704 1.5444717407227 1.6879951953888 1.8081852197647 1.8342490196228 1.765686750412
0.59312546253204 0.59243881702423 0.5955855846405 0.55656552314758 0.63609212636948 0.74666488170624 0.77140462398529 0.73831063508987 0.6837170124054 0.66579002141953 0.60852950811386 0.59526920318604 0.56417542695999 0.57724845409393 0.55915451049805 0.56222754716873 0.5626432299614 0.45140191912651 0.51532745361328 0.50891935825348 0.37351131439209 0.33077010512352 0.1681953817606 0.075787462294102 0.2342127263546 0.56647139787674 0.55906343460083 0.57148885726929 0.65791296958923 0.78383594751358 0.8504256606102 0.85384863615036 0.95743834972382 0.98386138677597 1.0454511642456 1.1305408477783 1.0961303710938 1.1317201852798 1.1891430616379 1.1928994655609 1.1875605583191 1.2356258630753 1.2701913118362 1.3034232854843 1.2323220968246 1.4243874549866 1.5737861394882 1.6508516073227 1.6774169206619 1.6746490001678 1.5965478420258 1.6912798881531 1.771830201149 1.9358656406403
0.60714089870453 0.60893404483795 0.66372692584991 0.60085356235504 0.54468190670013 0.61071240901947 0.66040951013565 0.70427334308624 0.69880378246307 0.61400097608566 0.62003147602081 0.594895362854 0.63009244203568 0.62595629692078 0.56298673152924 0.44635048508644 0.50082981586456 0.58909112215042 0.59651923179626 0.60928058624268 0.59820860624313 0.49097019433975 0.4268981218338 0.35082614421844 0.64925426244736 0.68168222904205 0.51027697324753 0.48170503973961 0.63842821121216 0.68077993392944 0.79196494817734 0.8911497592926 0.95433485507965 0.9976863861084 1.027704834938 1.130223274231 1.1420748233795 1.2027597427368 1.2652779817581 1.3607963323593 1.4040259122849 1.4138000011444 1.3852406740189 1.4220149517059 1.4222890138626 1.3337298631668 1.4873373508453 1.6086114645004 1.7220523357391 1.8253260850906 1.8057670593262 1.7035412788391 1.685244679451 1.7733776569366
0.62682276964188 0.58626222610474 0.62403506040573 0.65897464752197 0.63577175140381 0.58959317207336 0.62374794483185 0.66673588752747 0.72789055109024 0.78504526615143 0.71753346920013 0.60835462808609 0.60634279251099 0.66716414690018 0.65015214681625 0.56064033508301 0.52151644229889 0.51711386442184 0.4925445318222 0.57580852508545 0.63623940944672 0.64616996049881 0.63893407583237 0.71886497735977 0.72012901306152 0.61872643232346 0.54132378101349 0.6294212937355 0.66211003065109 0.67989039421082 0.66100400686264 0.69045096635818 0.74289780855179 0.835344851017 0.8627917766571 0.99573874473572 1.0421856641769 1.1109658479691 1.255079627037 1.3540264368057 1.437824845314 1.5471408367157 1.6104570627213 1.6267733573914 1.6117560863495 1.6184055805206 1.7538883686066 1.7737046480179 1.7933541536331 1.7678368091583 1.8614864349365 1.902636051178 1.8898258209229 1.796556353569
0.54900485277176 0.59725731611252 0.60117655992508 0.53159594535828 0.48569506406784 0.50014054775238 0.55541950464249 0.60769855976105 0.58664417266846 0.67758977413177 0.74186861515045 0.75464749336243 0.7737597823143 0.74937200546265 0.72881764173508 0.67476332187653 0.59970289468765 0.48913639783859 0.42673647403717 0.54716992378235 0.62277007102966 0.68287014961243 0.78513693809509 0.84023708105087 0.73383712768555 0.64960396289825 0.65253746509552 0.63697093725204 0.64845877885818 0.58033430576324 0.5305432677269 0.56408548355103 0.7227942943573 0.78033655881882 0.84037870168686 0.90025424957275 0.96479660272598 1.1270053386688 1.1600476503372 1.3205900192261 1.4089567661285 1.4386483430862 1.5470066070557 1.6186982393265 1.7388896942139 1.8704146146774 1.8591061830521 1.8664643764496 1.9189891815186 1.8543475866318 1.8582057952881 1.811897277832 2.0735738277435 2.0195686817169
