weather_ERA5/wc2.1_2.5m_2000_1_extended.grd
DSAA
532 92
18.854166666667 40.979166666667
68.229166666667 72.020833333333
-2.5665242671967 6.0755014419556
[rows 0 to 23 of 92, columns 162 to 215 of 532]
-0.31356334686279 -0.34942698478699 -0.33662387728691 -0.32432061433792 -0.2981738448143 -0.24951633810997 -0.22252556681633 -0.21386833488941 -0.21554420888424 -0.24588710069656 -0.20439645648003 -0.16523897647858 -0.14358173310757 -0.14942428469658 -0.16460034251213 -0.15510964393616 -0.18076039850712 -0.18988572061062 -0.2130109667778 -0.18046960234642 -0.18576163053513 -0.21605360507965 -0.18667885661125 -0.11930419504642 -0.10259622335434 -0.11738818138838 -0.11001347750425 -0.082805290818214 -0.057725165039301 -0.051105912774801 -0.063153214752674 -0.072867423295975 -0.068748228251934 -0.06462898850441 -0.03200975805521 -0.02622383274138 -0.0077713876962662 -0.0079855052754283 -0.024699630215764 -0.037913750857115 -0.045885320752859 -0.060614507645369 -0.04001035168767 -0.09040629863739 -0.051802027970552 -0.098197862505913 -0.045593708753586 -0.021989537402987 -0.061052035540342 0.013552166521549 -0.045843750238419 -0.072906173765659 -0.10440973192453 -0.090687625110149
-0.46589034795761 -0.48896741867065 -0.48137757182121 -0.38245463371277 -0.32978782057762 -0.32487696409225 -0.32663282752037 -0.30138862133026 -0.31897804141045 -0.34290048480034 -0.31765627861023 -0.24007870256901 -0.24716806411743 -0.25025716423988 -0.2258463203907 -0.22376877069473 -0.26840353012085 -0.29941660165787 -0.30242970585823 -0.31160944700241 -0.2961223423481 -0.25563564896584 -0.18814893066883 -0.17282867431641 -0.17684176564217 -0.17135497927666 -0.14186796545982 -0.12154784053564 -0.13321140408516 -0.15235871076584 -0.14750592410564 -0.16432021558285 -0.12996771931648 -0.1039482653141 -0.078928910195827 -0.049909733235836 -0.016723843291402 -0.010371074080467 -0.0250184237957 -0.023832410573959 -0.020019352436066 -0.0080791218206286 -0.018471812829375 -0.020198224112391 -0.068757906556129 -0.19015078246593 -0.21287688612938 -0.22976988554001 -0.048996184021235 -0.057222414761782 0.13521797955036 0.29599162936211 0.27128377556801 0.18776124715805
-0.40833079814911 -0.37743666768074 -0.35854268074036 -0.36381506919861 -0.39227283000946 -0.40608215332031 -0.33989134430885 -0.34070065617561 -0.3773432970047 -0.37948602437973 -0.36912852525711 -0.34577116370201 -0.34424713253975 -0.35505640506744 -0.3503657579422 -0.27634161710739 -0.25542363524437 -0.2477775812149 -0.25229844450951 -0.28565275669098 -0.29817333817482 -0.26302760839462 -0.25121533870697 -0.23506942391396 -0.23575679957867 -0.22211121022701 -0.22446528077126 -0.23165267705917 -0.21825459599495 -0.25543755292892 -0.21712031960487 -0.21196982264519 -0.14931946992874 -0.053835537284613 -0.01935194619 -0.035034745931625 -0.025551019236445 0.0034329120535403 0.017250128090382 0.0029004488606006 0.040344722568989 0.0062492764554918 0.0098203094676137 -0.013274970464408 -0.002537414431572 -0.067799478769302 -0.29256162047386 -0.18165712058544 -0.16908593475819 -0.12918137013912 -0.015443484298885 0.051127683371305 0.25532391667366 0.40881168842316
-0.45360445976257 -0.4454058110714 -0.40237420797348 -0.34950906038284 -0.34809097647667 -0.35145369172096 -0.33598318696022 -0.28951263427734 -0.31737530231476 -0.33757147192955 -0.33510100841522 -0.33379703760147 -0.31632617115974 -0.33652231097221 -0.32738518714905 -0.30174791812897 -0.27977699041367 -0.23463886976242 -0.1985007673502 -0.17769593000412 -0.17039112746716 -0.20308631658554 -0.20211479067802 -0.25364357233047 -0.28083857893944 -0.22953400015831 -0.1938958466053 -0.18242429196835 -0.15796449780464 -0.15618276596069 -0.17990104854107 -0.12778629362583 -0.070504650473595 -0.028723025694489 -0.028108075261116 -0.05565982311964 -0.095211565494537 -0.069763012230396 0.017851809039712 0.054300393909216 0.14137530326843 0.099077343940735 0.046945888549089 -0.024351997300982 -0.015150117687881 -0.13161483407021 -0.029912849888206 0.13845586776733 0.052990853786469 0.13552637398243 0.1912282705307 0.21026358008385 0.057197187095881 0.26286199688911
-0.63087821006775 -0.57620847225189 -0.52120566368103 -0.49336943030357 -0.46390959620476 -0.46665894985199 -0.42607519030571 -0.39832472801208 -0.38957425951958 -0.37049022316933 -0.31923961639404 -0.31915581226349 -0.34823900461197 -0.39098837971687 -0.36323797702789 -0.3206542134285 -0.27063024044037 -0.19883307814598 -0.19820289313793 -0.12990570068359 -0.10677544027567 -0.16481168568134 -0.17101457715034 -0.2385508865118 -0.2784204185009 -0.25362327694893 -0.19065967202187 -0.19236263632774 -0.13800764083862 -0.081761755049229 -0.095681995153427 -0.094102494418621 -0.05435648187995 -0.076443463563919 -0.04286415874958 -0.10295143723488 -0.14053863286972 -0.046459022909403 -0.042379643768072 -0.079300075769424 0.090905979275703 0.15423873066902 0.074904762208462 0.088737592101097 0.061737079173326 -0.082763470709324 -0.034930888563395 0.066068708896637 -0.0050986260175705 -0.0054325363598764 0.18223361670971 0.34256625175476 0.50357037782669 0.56524562835693
-0.58398538827896 -0.54151129722595 -0.54020392894745 -0.52656328678131 -0.51106113195419 -0.49603098630905 -0.47300025820732 -0.43996992707253 -0.42877295613289 -0.43307584524155 -0.40004539489746 -0.38934829831123 -0.34148475527763 -0.35695430636406 -0.32725727558136 -0.32639348506927 -0.32948371767998 -0.30352777242661 -0.30157169699669 -0.3939488530159 -0.32365956902504 -0.22320351004601 -0.11508098244667 -0.10579168796539 -0.16500227153301 -0.22487954795361 -0.24292355775833 -0.25930082798004 -0.20621755719185 -0.13700690865517 0.034703772515059 -0.024085460230708 -0.11837481707335 -0.20083092153072 -0.11495357751846 -0.062742866575718 -0.0098657310009003 -0.055988315492868 -0.057111006230116 -0.095733717083931 -0.021229950711131 0.22706696391106 0.12886363267899 0.038660649210215 0.030290806666017 0.13292102515697 0.19605125486851 0.30284798145294 0.29431173205376 0.28160843253136 0.31607219576836 0.38636901974678 0.52111035585403 0.61029607057571
-0.63709229230881 -0.60331392288208 -0.56586879491806 -0.55342382192612 -0.55604606866837 -0.54540234804153 -0.53459221124649 -0.52744871377945 -0.51880502700806 -0.50416129827499 -0.53601765632629 -0.47804075479507 -0.46989732980728 -0.52708685398102 -0.59627664089203 -0.58496630191803 -0.49717035889626 -0.45538872480392 -0.42060720920563 -0.43382555246353 -0.52487713098526 -0.39742892980576 -0.26248067617416 -0.11086575686932 -0.17941731214523 -0.33096915483475 -0.33418747782707 -0.2707391679287 -0.19259393215179 0.024581050500274 0.075256325304508 -0.092401869595051 -0.055560272186995 0.065615125000477 0.00029013058519922 -0.047201421111822 -0.094026029109955 -0.052184354513884 0.259157538414 0.42683264613152 0.3714674115181 0.16172847151756 0.048322666436434 0.27691686153412 0.33701127767563 0.36443901062012 0.26636663079262 0.29546099901199 0.28555524349213 0.36598294973373 0.41457730531693 0.47300478816032 0.46681705117226 0.50267970561981
-0.66036611795425 -0.64728301763535 -0.65503388643265 -0.64761769771576 -0.66353112459183 -0.61827433109283 -0.61435079574585 -0.64409399032593 -0.70533722639084 -0.62941348552704 -0.53282344341278 -0.54856669902802 -0.57080972194672 -0.55938625335693 -0.56446278095245 -0.58353918790817 -0.62402373552322 -0.59258341789246 -0.58914279937744 -0.50386881828308 -0.52542817592621 -0.54048752784729 -0.53321379423141 -0.33210635185242 -0.11766575276852 -0.21839180588722 -0.28561815619469 -0.20884415507317 -0.063470706343651 0.045169111341238 0.016308696940541 0.086114995181561 0.2490880638361 0.28939443826675 0.26670074462891 0.27034032344818 0.31731343269348 0.38861972093582 0.5144259929657 0.61706566810608 0.46933135390282 0.43888998031616 0.34294819831848 0.31350660324097 0.41523194313049 0.44845703244209 0.56418204307556 0.41757395863533 0.33646565675735 0.28769069910049 0.34741586446762 0.28814107179642 0.38302341103554 0.35589671134949
-0.74080622196198 -0.68841922283173 -0.70353204011917 -0.82231146097183 -0.73251628875732 -0.63331288099289 -0.69510954618454 -0.70440608263016 -0.70653593540192 -0.79849910736084 -0.7369624376297 -0.5712588429451 -0.53755581378937 -0.52068555355072 -0.59164887666702 -0.62111216783524 -0.6087104678154 -0.56711095571518 -0.57851141691208 -0.56991201639175 -0.61364567279816 -0.53771281242371 -0.46928015351295 -0.37251380085945 -0.36008098721504 -0.48481464385986 -0.49988183379173 -0.47511577606201 -0.30884724855423 -0.2972432076931 -0.23997202515602 -0.14870145916939 0.013569429516792 0.016007071360946 0.12261128425598 0.22504866123199 0.31415295600891 0.48559021949768 0.57286107540131 0.63329875469208 0.68102866411209 0.62805134057999 0.64507389068604 0.67042982578278 0.58611881732941 0.56180816888809 0.62116396427155 0.45235338807106 0.26637601852417 0.32389858365059 0.26442104578018 0.1772768497467 0.31923004984856 0.44211372733116
-0.81824678182602 -0.79655516147614 -0.75803017616272 -0.63717210292816 -0.75733458995819 -0.59835129976273 -0.85003453493118 -0.8310512304306 -0.79123479127884 -0.86691814661026 -0.62110149860382 -0.51828473806381 -0.55913484096527 -0.69748497009277 -0.59616822004318 -0.47118496894836 -0.35839730501175 -0.47147226333618 -0.37904712557793 -0.5851217508316 -0.52853000164032 -0.63377171754837 -0.56384640932083 -0.51425451040268 -0.44032928347588 -0.38640454411507 -0.46547901630402 -0.43155390024185 -0.38055711984634 -0.26765507459641 -0.26991963386536 -0.039517868310213 -0.039448950439692 -0.022047078236938 -0.20814500749111 -0.08474300801754 0.14649228751659 0.32939431071281 0.25346308946609 0.25986513495445 0.55889278650284 0.65871262550354 0.68636620044708 0.72518628835678 0.74817281961441 0.67349278926849 0.69747942686081 0.64396637678146 0.60978615283966 0.58243954181671 0.41375970840454 0.28191286325455 0.33343651890755 0.1641640663147
-0.89302033185959 -0.93169116973877 -0.97319531440735 -0.9188659787178 -0.65465313196182 -0.42572316527367 -0.44029316306114 -0.68469655513763 -0.95960015058517 -0.82767021656036 -0.67924040555954 -0.61497724056244 -0.49488064646721 -0.45795077085495 -0.46868774294853 -0.36975768208504 -0.26825076341629 -0.2514999806881 -0.33124911785126 -0.2876650094986 -0.26941439509392 -0.39683037996292 -0.6052463054657 -0.62632870674133 -0.41374465823174 -0.360327064991 -0.34040966629982 -0.39215901494026 -0.34476697444916 -0.076900511980057 0.021299300715327 0.067999325692654 0.01319910120219 0.25289890170097 0.1474319845438 0.14813196659088 0.13183188438416 0.48819833993912 0.48189824819565 0.50026488304138 0.47959014773369 0.42970758676529 0.45949178934097 0.52644246816635 0.64839333295822 0.72967737913132 0.78629487752914 0.77074581384659 0.71436321735382 0.63314718008041 0.56959807872772 0.59871542453766 0.6459766626358 0.6335477232933
-0.81112742424011 -0.96449387073517 -0.98686003684998 -0.97255969047546 -0.84530472755432 -0.68159484863281 -0.55221843719482 -0.42000883817673 -0.17213226854801 -0.16392254829407 -0.42504614591599 -0.57883644104004 -0.55979335308075 -0.49075004458427 -0.39104038476944 -0.26233047246933 -0.23493734002113 -0.13402757048607 -0.13495123386383 -0.18887494504452 -0.15779852867126 -0.25355559587479 -0.27531236410141 -0.42823606729507 -0.42882633209229 -0.33391693234444 -0.35234045982361 -0.29693058133125 -0.19414360821247 -0.10447915643454 0.052185114473104 -0.028816998004913 -0.070152632892132 0.30867832899094 0.34550929069519 0.24400691688061 0.33600476384163 0.52733564376831 0.38833352923393 0.27149784564972 0.32345423102379 0.54620224237442 0.45411732792854 0.39819887280464 0.61528038978577 0.70269548892975 0.71261030435562 0.72119182348251 0.76127356290817 0.71302193403244 0.70343673229218 0.67135155200958 0.66034984588623 0.65959823131561
-0.70390117168427 -0.84479647874832 -0.98285841941833 -0.87225353717804 -0.72478973865509 -0.72129994630814 -0.66947704553604 -0.47498738765717 -0.53533118963242 -0.25517478585243 -0.050018414855003 -0.070528611540794 -0.27920573949814 -0.23738278448582 -0.19172637164593 -0.21190339326859 -0.30145752429962 -0.2397221326828 -0.12398683279753 -0.1432516425848 -0.13251613080502 -0.15194745361805 -0.21404567360878 -0.23997691273689 -0.31840819120407 -0.44133964180946 -0.38060423731804 -0.28136873245239 -0.25185328722 -0.30839118361473 -0.10642896592617 -0.14980018138885 0.010828751139343 0.30462431907654 0.35441991686821 0.30154854059219 0.46934425830841 0.49547302722931 0.64226871728897 0.65323096513748 0.70398485660553 0.50186389684677 0.34390953183174 0.46862190961838 0.63083428144455 0.63821333646774 0.69809246063232 0.70847153663635 0.6728503704071 0.73922950029373 0.69410854578018 0.68965423107147 0.72072303295135 0.6899818778038
-0.57007175683975 -0.82802444696426 -0.95831048488617 -0.93909639120102 -1.0013408660889 -0.8843766450882 -0.73457944393158 -0.77611535787582 -0.58665138483047 -0.35818722844124 -0.26089000701904 -0.32759276032448 -0.31712871789932 -0.24233128130436 -0.058700561523438 0.039263512939215 0.0015602906933054 -0.14430977404118 -0.18467982113361 -0.15154981613159 -0.127586632967 -0.13145679235458 -0.13266037404537 -0.23436363041401 -0.18706706166267 -0.22193704545498 -0.18464031815529 -0.027677150443196 -0.10245702415705 -0.013813100755215 -0.058836128562689 -0.0058587887324393 0.082284890115261 0.28809535503387 0.30857253074646 0.35888281464577 0.49319338798523 0.46333733201027 0.39631456136703 0.30229169130325 0.57201951742172 0.75549817085266 0.71297693252563 0.65012222528458 0.65143430233002 0.85174632072449 0.82672506570816 0.79020363092422 0.81868225336075 0.71999436616898 0.5573063492775 0.47328519821167 0.5115442276001 0.59058409929276
-0.58597266674042 -0.45967781543732 -0.50554966926575 -0.63958817720413 -0.82062441110611 -0.78215837478638 -0.71652549505234 -0.69555926322937 -0.63692653179169 -0.62896049022675 -0.55799436569214 -0.54286158084869 -0.5525621175766 -0.4652626812458 -0.3531297147274 -0.18266354501247 -0.09405043721199 0.0033761460799724 -0.050363510847092 -0.10077013075352 -0.05367648974061 -0.035749789327383 -0.068156287074089 -0.052396103739738 -0.0023028154391795 0.076790697872639 0.078217409551144 0.071644179522991 0.21787902712822 0.30092144012451 0.16279730200768 0.038340106606483 0.043882373720407 -0.057908311486244 0.18896752595901 0.19951009750366 0.21405251324177 0.16142851114273 0.34263768792152 0.44034677743912 0.54922515153885 0.62177228927612 0.64948600530624 0.65786641836166 0.54524713754654 0.65362763404846 0.77000790834427 0.78005522489548 0.96143579483032 0.88164931535721 0.76853001117706 0.67774379253387 0.64981323480606 0.75240498781204
-0.69237393140793 -0.6233314871788 -0.54145568609238 -0.46891337633133 -0.43857488036156 -0.42493990063667 -0.40463829040527 -0.42767015099525 -0.39770168066025 -0.48606663942337 -0.50109845399857 -0.41429701447487 -0.38932865858078 -0.31369382143021 -0.23422549664974 -0.21009054780006 -0.14732791483402 -0.072104290127754 -0.03288047015667 0.018509745597839 0.10040007531643 0.11995694041252 0.17118072509766 0.17707106471062 0.14396139979362 0.18385155498981 0.1924087703228 0.15579906105995 0.22154822945595 0.24532283842564 0.1065973713994 0.14970527589321 0.25697991251945 0.36292108893394 0.45486238598824 0.32663714885712 0.25841161608696 0.2990198135376 0.43379426002502 0.64190220832825 0.68726408481598 0.61521291732788 0.78482866287231 0.78327751159668 0.74689316749573 0.80234217643738 0.72829109430313 0.84824007749557 1.0088555812836 1.0271379947662 0.98158687353134 0.92686939239502 0.89174890518188 0.9273926615715
-0.58660811185837 -0.60298484563828 -0.58669483661652 -0.59723842144012 -0.55835825204849 -0.51022124290466 -0.43108433485031 -0.44394728541374 -0.42131045460701 -0.38333982229233 -0.25403618812561 -0.22673252224922 -0.20292885601521 -0.18995839357376 -0.22398805618286 -0.19701761007309 -0.18343877792358 -0.096251592040062 -0.06523123383522 -0.11437721550465 -0.082856632769108 -0.039335917681456 -0.028482148423791 -0.10129511356354 0.088892191648483 0.22124603390694 0.17160004377365 0.14862059056759 0.17238408327103 0.084224030375481 0.11089742183685 0.3032374382019 0.40907746553421 0.45091742277145 0.49925750494003 0.59826409816742 0.68677079677582 0.7121108174324 0.69911754131317 0.66362404823303 0.71946942806244 0.78948694467545 0.87467104196548 0.91885513067245 0.93037265539169 0.9527233839035 0.84490740299225 0.83009165525436 0.9022758603096 0.9817932844162 0.97814399003983 0.94966143369675 0.89635133743286 0.92438006401062
-0.74650907516479 -0.65713828802109 -0.59493416547775 -0.66906362771988 -0.65214210748672 -0.59933632612228 -0.70519709587097 -0.60989135503769 -0.55391877889633 -0.51027947664261 -0.58097362518311 -0.57616794109344 -0.6393620967865 -0.54688960313797 -0.3989169895649 -0.33127787709236 -0.24971610307693 -0.1777321845293 -0.15808136761189 -0.11809743195772 -0.087613254785538 -0.031462617218494 -0.029311755672097 0.020505636930466 0.011989682912827 0.11614041030407 0.1664579808712 0.17394189536572 0.22455342113972 0.24612545967102 0.26036423444748 0.25393611192703 0.29534164071083 0.33108043670654 0.41015240550041 0.5722244977951 0.62096321582794 0.64470201730728 0.72077393531799 0.84467923641205 0.88700848817825 0.88159424066544 0.92434692382812 0.9554328918457 0.90918534994125 0.87877130508423 0.88269054889679 0.86177664995193 0.88486236333847 0.91928172111511 0.99803429841995 1.0066201686859 0.99112033843994 0.95803439617157
-0.83674323558807 -0.81195831298828 -0.68534034490585 -0.62122213840485 -0.71359235048294 -0.67095112800598 -0.71614307165146 -0.745001912117 -0.7006938457489 -0.69688588380814 -0.70557802915573 -0.74210345745087 -0.76712870597839 -0.56265419721603 -0.51167947053909 -0.53837156295776 -0.49682718515396 -0.53721278905869 -0.48243182897568 -0.45881748199463 -0.40853661298752 -0.32508888840675 -0.23630811274052 -0.22036038339138 -0.1434128433466 -0.10963173210621 0.017648987472057 0.1152635216713 0.20805595815182 0.25236004590988 0.13516420125961 0.14980165660381 0.30210584402084 0.3499099612236 0.38604733347893 0.41768479347229 0.45548897981644 0.47229298949242 0.52909725904465 0.59690129756927 0.61221390962601 0.64970171451569 0.72768938541412 0.79784381389618 0.76449811458588 0.7588192820549 0.91130715608597 0.93729466199875 0.88228231668472 0.88777023553848 0.94559127092361 0.9647456407547 0.95738911628723 0.90302187204361
-0.85397750139236 -0.83244520425797 -0.83574628829956 -0.70871388912201 -0.6217092871666 -0.77689927816391 -0.76808935403824 -0.80127930641174 -0.80296891927719 -0.80715888738632 -0.81251567602158 -0.82537227869034 -0.8658954501152 -0.76708525419235 -0.74294185638428 -0.62313175201416 -0.63643795251846 -0.63335996866226 -0.63894879817963 -0.56720441579819 -0.48795989155769 -0.43221542239189 -0.41013756394386 -0.36622643470764 -0.35398197174072 -0.2912375330925 -0.20715959370136 -0.095248356461525 -0.0047747269272804 0.25726145505905 0.39829760789871 0.27683386206627 0.19337005913258 0.30240616202354 0.31494227051735 0.37697836756706 0.38768130540848 0.37638425827026 0.39325386285782 0.42145666480064 0.49341934919357 0.53047561645508 0.5840317606926 0.5889213681221 0.5683109164238 0.6120337843895 0.70675671100616 0.77497977018356 0.72703588008881 0.73592537641525 0.88798171281815 0.91953778266907 0.90282481908798 0.88000947237015
-0.82471179962158 -0.79809868335724 -0.80365240573883 -0.64720565080643 -0.71182632446289 -0.77684777975082 -0.79486870765686 -0.83122307062149 -0.94207745790482 -0.96709871292114 -1.0074533224106 -1.0759744644165 -0.82199549674988 -0.80801653862 -0.86670422554016 -0.79105895757675 -0.85004878044128 -0.81834071874619 -0.57129925489426 -0.49975788593292 -0.47988331317902 -0.43400865793228 -0.46146720647812 -0.46342578530312 -0.39838442206383 -0.30200973153114 -0.28363502025604 -0.23126010596752 -0.22960539162159 -0.11700397729874 0.10776420682669 0.19869929552078 0.31396743655205 0.2980692088604 0.30067065358162 0.35293889045715 0.36770701408386 0.41097530722618 0.31774345040321 0.32717847824097 0.38545820116997 0.45324945449829 0.45087438821793 0.50716578960419 0.51229029893875 0.5392484664917 0.5277065038681 0.51349782943726 0.60478913784027 0.75474721193314 0.80887198448181 0.83199644088745 0.83459383249283 0.83616369962692
-0.90794634819031 -0.90591907501221 -0.8162248134613 -0.65786427259445 -0.80127662420273 -0.91279578208923 -1.0341480970383 -0.98350042104721 -0.92635291814804 -0.93020498752594 -0.97805750370026 -0.96340990066528 -0.97226232290268 -0.97511458396912 -0.93113350868225 -0.89731937646866 -0.89715957641602 -0.94348806142807 -0.84598314762115 -0.82131159305573 -0.62180650234222 -0.50813496112823 -0.52146351337433 -0.46829178929329 -0.43495345115662 -0.45194855332375 -0.44344374537468 -0.36777219176292 -0.33293616771698 -0.30826944112778 -0.21210233867168 -0.1124352440238 0.030065052211285 0.084898687899113 0.21139878034592 0.33956575393677 0.35489940643311 0.36656653881073 0.37006649374962 0.35656702518463 0.39599695801735 0.43135705590248 0.46771678328514 0.46674340963364 0.46493649482727 0.47146314382553 0.46732297539711 0.45284950733185 0.45887592434883 0.47073572874069 0.55742877721786 0.66412210464478 0.72436290979385 0.78631788492203
-0.89201354980469 -0.83940583467484 -0.83413106203079 -0.64185613393784 -0.80206048488617 -0.89041066169739 -0.92342752218246 -0.97494429349899 -0.95346117019653 -0.9689781665802 -0.98182845115662 -1.0545120239258 -1.0388622283936 -0.9555459022522 -0.88556253910065 -0.79391288757324 -0.81927025318146 -0.70513522624969 -0.75900018215179 -0.61019843816757 -0.6890634894371 -0.65476143360138 -0.66962629556656 -0.56215769052505 -0.46685606241226 -0.3817210495472 -0.45425248146057 -0.51178407669067 -0.45310020446777 -0.30153462290764 -0.29863554239273 -0.15473657846451 -0.08233754336834 -0.011772006750107 0.065127231180668 0.15085951983929 0.21675851941109 0.27865758538246 0.33122307062149 0.36612236499786 0.38086920976639 0.37863093614578 0.37839266657829 0.38798749446869 0.38224926590919 0.39367759227753 0.40460592508316 0.40353426337242 0.40896248817444 0.40555733442307 0.40498593449593 0.48108088970184 0.5054652094841 0.64380538463593
-0.94224804639816 -0.8845591545105 -0.69220346212387 -0.75168120861053 -0.90617763996124 -0.88019210100174 -0.90720695257187 -0.94105494022369 -0.99523639678955 -0.94741797447205 -1.0259326696396 -0.92344760894775 -0.92296236753464 -0.91697722673416 -0.81949186325073 -0.76483994722366 -0.68538135290146 -0.56194925308228 -0.62751716375351 -0.66741859912872 -0.50031995773315 -0.52088797092438 -0.67712247371674 -0.59902399778366 -0.5825919508934 -0.3514931499958 -0.17072762548923 -0.20962922275066 -0.37443098425865 -0.19229990243912 -0.12183563411236 -0.12170452624559 -0.086740054190159 0.0048910058103502 0.078022137284279 0.13165313005447 0.1989511102438 0.24241550266743 0.25271326303482 0.27017751336098 0.29274165630341 0.28940489888191 0.2775684595108 0.28923183679581 0.290228754282 0.27622535824776 0.26055556535721 0.27771916985512 0.31538251042366 0.33354613184929 0.36804297566414 0.41620633006096 0.4369008243084 0.46562629938126
